095 RU 20170101 20250000
083 RU 20170101 20171001
083 RL 20170101 20171001
073 AA 20170419 20170419
073 LL 20170518 20170530
073 LU 20170518 20170530
076 RL 20170922 20170930
076 RU 20170922 20170930
076 RL 20171023 20171023
076 RU 20171023 20171023
076 RL 20171115 20171115
076 RU 20171115 20171115
032 AA 20171110 20171110
022 RU 20171211 20171231
076 AA 20180104 20180107
104 LL 20180104 20180106
104 LU 20180104 20180106
076 AA 20180124 20180207
096 LL 20180207 20180208
096 LU 20180207 20180208
096 AA 20180208 20180208
074 AA 20180208 20180208
086 AA 20180208 20180208
083 AA 20180208 20180208
105 AA 20180208 20180208
106 AA 20180208 20180208
106 RL 20180213 20180213
106 RU 20180213 20180213
037 RU 20180213 20180213
022 AA 20180214 20180214
023 AA 20180214 20180214
025 AA 20180214 20180214
026 AA 20180214 20180214
035 AA 20180214 20180214
036 AA 20180214 20180214
025 RL 20180219 20180219
025 RU 20180219 20180219
027 AA 20180222 20180224
022 AA 20180308 20180308
023 AA 20180308 20180308
026 AA 20180308 20180308
035 AA 20180308 20180308
036 AA 20180308 20180308
042 AA 20180308 20180308
043 AA 20180308 20180308
044 AA 20180308 20180308
047 AA 20180308 20180308
053 AA 20180308 20180308
022 AA 20180310 20180310
023 AA 20180310 20180310
024 AA 20180310 20180310
026 AA 20180310 20180310
032 AA 20180310 20180310
033 AA 20180310 20180310
034 AA 20180310 20180310
035 AA 20180310 20180310
036 AA 20180310 20180310
037 AA 20180310 20180310
042 AA 20180310 20180310
043 AA 20180310 20180310
046 AA 20180310 20180310
047 AA 20180310 20180310
053 AA 20180310 20180310
076 LL 20180408 20180409
034 AA 20180414 20180415
046 AA 20180414 20180415
096 LL 20180420 20180424
096 LU 20180420 20180424
044 RU 20180420 20180424
082 LL 20180501 20180619
082 LU 20180501 20180619
105 LL 20180501 20180506
053 LL 20180506 20180506
053 LU 20180506 20180506
053 LL 20180517 20180518
053 LU 20180517 20180518
053 LL 20180523 20180712
053 LU 20180523 20180712
035 AA 20180509 20180509
045 AA 20180509 20180509
042 AA 20180509 20180509
052 AA 20180509 20180509
104 LL 20180515 20180519
104 LU 20180515 20180519
105 AA 20180519 20180523
044 AA 20180516 20180523
044 LL 20180611 20180614
044 LU 20180611 20180614
027 LL 20180814 20180822
027 LU 20180814 20180822
094 AA 20180822 20180822
032 AA 20180831 20180905
043 LL 20180901 20181107
083 RU 20181030 20181030
083 RL 20181030 20181030
047 LL 20181014 20181030
047 LU 20181014 20181030
086 LL 20181005 20181010
086 LU 20181005 20181010
024 AA 20181115 20181115
032 AA 20181225 20181228
024 AA 20181231 20181231
024 AA 20190104 20190209
083 RL 20190109 20190118
083 RU 20190109 20190118
062 LL 20190201 20190201
062 LU 20190201 20190201
092 LL 20190101 20190209
092 LU 20190101 20190209
046 RL 20190101 20190209
106 RU 20190101 20190209
106 RU 20180112 20180320
106 RU 20181010 20181215
072 RU 20181202 20181205
046 RL 20180508 20180520
046 RL 20181010 20181111
024 LL 20181114 20181228
024 LU 20181114 20181228
024 RL 20181114 20181228
093 RL 20181106 20181107
104 LU 20170321 20170328
104 LL 20170321 20170328
103 RU 20170501 20170523
103 RL 20170501 20170501
104 RU 20170501 20170501
104 RL 20170501 20170501
096 RU 20170625 20170625
073 RU 20170820 20170820
073 RL 20170820 20170820
103 LU 20170820 20170820
074 AA 20170830 20170830
105 AA 20170922 20170922
076 AA 20171012 20171012
076 LL 20171023 20171023
076 LU 20171025 20171028
105 LL 20171027 20171028
032 AA 20171110 20171110
096 LL 20171110 20171110
096 LU 20171110 20171110
076 AA 20171112 20171112
076 RU 20171115 20171115
083 RU 20171115 20171124
083 RL 20171115 20171124
093 LU 20171115 20171115
093 LL 20171115 20171115
073 LU 20171216 20171220
073 LL 20171216 20171220
073 AA 20180105 20180106
076 RU 20180124 20180124
086 RU 20180416 20180424
104 LL 20180506 20180507
104 LU 20180506 20180507
104 LU 20180516 20180519
057 AA 20180523 20180619
032 AA 20180831 20180904
105 LL 20180904 20180904
075 LL 20181026 20181026
075 LU 20181026 20181026
097 AA 20181126 20181128
032 LL 20190107 20190107
032 LU 20190107 20190107
062 LL 20190131 20190131
062 LU 20190131 20190131
072 RU 20181202 20181205
046 RL 20181205	20181205
037 RU 20180123 20180123
024 RL 20181114 20190209
106 RU 20170921 20190209
093 RL 20181104	20181107
032 AA 20181225	20181228
046 RL 20170101 20190209
104 LL 20170423 20170423
035 RU 20180107 20180107
103 RU 20180112	20180112
037 RU 20180213 20180216
024 RU 20180219 20180219
026 RU 20180307 20180307
103 RU 20180313 20180313
074 RU 20180313 20180313
076 LL 20180320 20180320
076 RU 20180320	20180320
073 LL 20180321 20180321
073 LU 20180321 20180321
053 LU 20180321 20180321
053 LL 20180321 20180321
045 RL 20180414 20180414
032 LL 20180414 20180414
085 RL 20180414 20180414
036 LL 20180414 20180414
032 LL 20180414 20180414
083 RL 20180414 20180414
095 RU 20180418 20180418
075 LL 20180507 20180507
045 RU 20180510 20180510
046 LU 20180510 20180510
047 RU 20180510	20180510
047 RL 20180510	20180510
093 LL 20180511 20180511
103 RL 20180519 20180519
104 RL 20180519	20180519
084 RL 20180520 20180520
032 AA 20180520 20180520  
033 AA 20180520 20180520
035 RL 20180520 20180520
035 RU 20180520 20180520
072 RU 20181202 20181202
087 LU 20181203 20181203
072 RU 20181203 20181204
095 RU 20170101 20190209
024 RU 20180507	20180507
045 AA 20180613 20180613