multi_008_093_054_LU 475 479 801
multi_008_093_054_LU 599 605 241
multi_008_093_054_LU 1001 1020 437
multi_008_093_054_RL 392 392 403
multi_008_093_054_RL 953 953 310
multi_008_093_054_RU 105 107 952
multi_008_093_054_RU 153 155 670
multi_012_106_033_LL 207 211 200
multi_012_106_033_LU 6 12 847
multi_012_106_033_LU 851 852 368
multi_012_106_033_RL 258 272 520
multi_012_106_033_RL 733 735 386
multi_012_106_033_RL 897 900 353
multi_012_106_033_RU 14 40 1
multi_012_106_033_RU 1020 1024 99
multi_012_106_033_RU 207 209 650
multi_013_103_019_LL 101 105 586
multi_013_103_019_LL 5 7 1
multi_013_103_019_LL 106 114 584
multi_013_103_019_LU 7 13 843
multi_013_103_019_LU 753 756 832
multi_013_103_019_RU 153 156 85
multi_016_104_026_LU 119 121 1015
multi_016_104_026_RL 398 400 166
multi_016_104_026_RU 4 10 1
multi_016_104_026_RU 236 241 176
multi_017_086_022_LL 143 145 25
multi_017_086_022_LU 9 1032 1000
multi_017_086_022_LU 9 12 855
multi_017_086_022_LU 106 108 744
multi_017_086_022_LU 674 676 529
multi_017_086_022_LU 786 788 851
multi_017_086_022_RL 481 484 770
multi_017_086_022_RU 10 12 1
multi_017_086_022_RU 140 142 666
multi_017_086_022_RU 780 790 1
multi_017_086_022_RU 60 64 118
multi_020_095_004_LL 7 14 88
multi_020_095_004_LU 5 11 670
multi_020_095_004_LU 747 754 763
multi_020_095_004_LU 753 757 778
multi_020_095_004_RL 1 1032 719
multi_020_095_004_RL 846 848 370
multi_020_095_004_RU 920 924 165
multi_025_076_032_LL 284 286 88
multi_025_076_032_LL 408 411 441
multi_025_076_032_LU 99 102 302
multi_025_076_032_LU 140 143 142
multi_025_076_032_RL 91 94 1
multi_025_076_032_RL 187 190 915
multi_025_076_032_RU 7 9 1
multi_025_076_032_RU 47 53 1
multi_027_085_001_LL 8 14 109
multi_027_085_001_LL 346 349 842
multi_027_085_001_LU 8 10 1010
multi_027_085_001_LU 91 93 77
multi_027_085_001_RL 438 440 651
multi_032_094_028_LL 392 394 283
multi_032_094_028_LL 703 706 399
multi_032_094_028_LL 838 840 658
multi_032_094_028_LU 98 101 53
multi_032_094_028_LU 236 238 753
multi_032_094_028_RL 870 874 463
multi_032_094_028_RU 230 238 107
multi_038_096_014_LL 3 12 821
multi_038_096_014_LL 492 495 326
multi_038_096_014_LL 996 1004 394
multi_038_096_014_LU 9 12 793
multi_038_096_014_LU 5320 5326 0
multi_041_084_015_LL 349 351 555
multi_041_084_015_LU 223 227 761
multi_041_084_015_LU 4830 4836 0
multi_041_084_015_LU 540 546 400
multi_041_084_015_RU 5 11 1
multi_041_084_015_RU 25 33 1
multi_047_075_075_LL 82 86 917
multi_047_075_075_LU 315 318 600
multi_047_075_075_LU 903 906 750
multi_047_075_075_LU 968 975 500
multi_047_075_075_RL 133 136 501
multi_047_075_075_RL 495 499 999
multi_051_105_051_LL 146 149 707
multi_051_105_051_LL 706 709 673
multi_051_105_051_LU 9 12 1
multi_051_105_051_LU 848 851 498
multi_051_105_051_LU 958 968 776
multi_051_105_051_LU 65 69 772
multi_051_105_051_LU 71 75 666
multi_051_105_051_LU 72 76 648
multi_051_105_051_LU 72 76 737
multi_051_105_051_LU 955 975 760
multi_051_105_051_LU 970 988 825
multi_051_105_051_LU 983 987 785
multi_051_105_051_RL 788 792 398
multi_051_105_051_RL 6 11 1
multi_051_105_051_RL 241 245 400
multi_051_105_051_RU 10 17 1
multi_051_105_051_RU 75 81 202
multi_202_035_074_LU 670 678 906
multi_202_035_074_RL 1012 1024 708
multi_202_035_074_RU 865 878 946
multi_202_035_074_RU 912 922 957
multi_202_035_074_RU 621 625 519
multi_202_044_074_LL 9 12 73
multi_202_044_074_RL 1020 1024 711
multi_202_044_074_RU 3 5 1
multi_203_073_031_LU 20 22 221
multi_203_073_031_LU 9 14 1
multi_203_073_031_LU 1 10 210
multi_203_073_031_RU 9 14 1
multi_204_077_037_RL 332 335 836
multi_205_067_058_RL 842 845 380
multi_301_052_072_RL 1 1032 405
multi_301_052_072_RU 418 422 313
multi_301_052_072_RU 683 687 259
multi_302_035_041_LL 720 725 846
multi_302_035_041_LU 3 6 838
multi_302_036_041_LL 1 1032 213
multi_302_036_041_RL 204 207 884
multi_302_036_041_RL 590 594 440
multi_302_036_041_RU 745 749 774
multi_303_024_013_LL 524 527 1
multi_303_025_013_LU 290 297 850
multi_304_034_033_LL 685 687 821
multi_304_034_033_LU 119 122 252
multi_304_034_003_RL 557 560 996
multi_304_034_033_RL 476 479 450
multi_304_034_033_RL 557 560 900
multi_304_044_045_LU 229 236 49
multi_304_044_045_RL 477 480 228
multi_305_034_056_LL 48 51 1018
multi_305_034_056_RL 37 39 184
multi_305_045_056_RL 187 190 500
multi_305_045_056_RU 387 390 942
multi_305_034_056_LU 268 272 209
multi_305_034_056_RU 248 252 127
multi_305_034_056_RU 810 814 514
multi_306_037_057_LL 300 303 1
multi_306_037_057_RL 8 14 497
multi_306_037_057_RU 814 817 810
multi_306_043_057_LL 300 303 1
multi_306_043_057_LU 300 303 700
multi_306_037_057_LU 4074 4105 0
multi_306_037_057_LU 588 592 1001
multi_307_074_076_RL 44 74 497
multi_307_074_076_LL 665 667 114
multi_307_074_076_LU 366 368 787
multi_307_074_076_RU 246 249 742
multi_307_074_076_RU 773 776 88
multi_308_047_024_LL 575 577 1
multi_308_047_024_LU 971 971 1
multi_308_047_024_RL 130 134 290
multi_308_047_024_RU 474 476 834
multi_308_047_024_RL 396 404 570
multi_308_047_024_RU 1027 1032 8
multi_309_046_005_LU 1 1032 996
multi_309_046_005_RL 1 1032 993
multi_309_046_005_RL 1010 1014 601
multi_309_046_005_RL 542 546 332
multi_310_033_002_RL 4 12 1
multi_310_033_002_RU 1 1024 255
multi_311_036_053_LL 760 766 865
multi_311_036_053_LL 172 174 740
multi_311_036_053_RL 848 851 279
multi_311_036_053_RU 957 960 463
multi_311_053_025_RL 566 569 946
multi_311_053_025_RU 441 445 451
multi_312_045_065_LL 15 50 390
multi_312_045_065_LL 497 501 233
multi_312_045_065_LU 118 122 716
multi_312_045_065_LU 587 591 432
multi_312_045_065_RL 903 907 572
multi_312_045_065_RU 1017 1021 602
multi_312_045_065_RU 638 642 929
multi_312_045_065_RU 958 962 346
multi_313_023_010_LL 434 438 197
multi_313_023_010_LU 668 671 83
multi_313_037_010_LU 5 7 820
multi_314_027_011_LL 197 200 618
multi_314_027_011_LL 1017 1032 1
multi_314_027_011_LL 1 19 1
multi_314_027_011_LL 199 201 809
multi_314_027_011_LU 10 18 850
multi_314_027_011_LU 235 238 903
multi_315_021_073_RL 21 24 497
multi_315_021_073_RL 96 99 638
multi_316_022_052_LL 340 349 1
multi_316_022_052_LU 340 349 1
multi_316_022_052_RL 542 545 511
multi_316_032_052_RL 546 550 607
multi_317_022_039_LU 1 1024 1011
multi_317_022_039_LU 13 16 1020
multi_317_024_039_LU 92 95 265
multi_318_026_078_LL 7 13 805
multi_319_083_023_LU 9 12 141
multi_320_032_020_LU 222 225 1006
multi_320_053_020_LU 627 633 838
multi_322_063_062_LU 540 545 383
multi_322_063_062_RU 895 898 142
multi_322_063_062_RU 902 905 1
multi_323_043_040_LL 33 40 235
multi_323_043_040_LL 93 99 167
multi_323_052_016_LL 37 40 245
multi_324_062_055_LL 83 86 505
multi_324_062_055_LL 395 398 149
multi_325_072_044_LU 451 454 430
multi_326_082_034_LL 30 33 20
multi_326_082_034_LU 173 176 298
multi_326_082_034_LU 555 558 318
multi_326_082_034_LU 617 620 265
multi_326_082_034_RL 8 14 775
multi_326_082_034_RU 686 688 243
multi_327_092_017_LL 24 31 804
multi_328_087_048_RL 464 465 1007
multi_328_087_048_RU 23 25 17
multi_329_097_029_LU 596 599 968
multi_319_083_023_LL 376 381 674
multi_319_083_023_RL 114 118 711
multi_320_032_020_RL 837 841 304
multi_321_042_030_LL 496 500 243
multi_321_042_030_RL 365 369 403
multi_326_082_034_RU 208 220 477
multi_327_092_017_LU 51 65 332
multi_328_087_048_RL 1 3 1019
multi_328_087_048_RU 725 729 323
multi_329_097_029_RU 144 148 722
multi_401_013_043_LU 180 183 585
multi_401_013_043_RL 175 177 300
multi_401_013_043_RU 172 175 939
multi_401_013_043_RU 759 762 939
multi_020_095_004_LU 746 756 235 255
multi_016_104_026_RU 233 243 160 200
multi_017_086_022_LU 775 785 737 758
multi_047_075_075_RU 361 401  23  63
multi_017_086_022_RU 1001 1032 97 137
multi_327_092_017_LL 800 1032 0 350
multi_323_043_040_LL 91 104 336 370
multi_323_043_040_LL 91 104 525 545
multi_038_096_014_RU 812 825 583 603
multi_314_027_011_RL 0 35 1010 1032
multi_032_094_028_RL 718 728 949 959
multi_038_096_014_RU 908 921 304 314
multi_323_052_016_LL 90 100 330 361 
multi_306_043_057_LU 582 592 1008 1032
multi_025_076_032_RU 472 482 464 474
multi_025_076_032_RL 689 695 730 744
multi_017_086_022_RU 855 865 128 134
multi_025_076_032_RL 720 740 1002 1022
multi_305_045_056_RU 310 320 125 135
