2190080676
2100059760
2100283200
2100512978
2100060165
2100133522
2100053645
2100099694
2100029117
2100030380
2100444637
2100397353
2100472215
2100061256
2100293961
2100254393
2100117523
2100239396
2100291485
2100143044
2100217349
2100288315
2100244089
2100288948
2100169069
2100336814
2100145126
2100349361
2100156796
2100157479
2100352141
2100256711
2100310931
2100339250
2100153460
2100398605
2100403749
2100389861
2100166202
2100366597
2100252528
2100250957
2100383150
2100276029
2100253767
2100230908
2100325024
2100222268
2100223901
2100267702
2100164023
2100155817
2100195295
2100282711
2100379495
2100329041
2100292884
2100297463
2100331954
2100303487
2100218721
2100205874
2100284358
2100460374
2100197057
2100194863
2100030199
2100131033
2100217769
2100369552
2100230118
2100193861
2100177531
2100374184
2100218196
2100298213
2100309520
2100178035
2100399519
2100192117
2100319708
2100405272
2100322332
2100158981
2100321462
2100445886
2100235382
2100355836
2100343670
2100323343
2100158752
2100235942
2100296964
2100137424
2100213271
2100320574
2100202542
2100358884
2100308730
2100112064
2100089374
2100167131
2100300179
2100304074
2100408065
2100317144
2100268199
2100164586
2100301988
2100278060
2100258887
2100220992
2100340456
2100357044
2100344644
2100330403
2100326657
2100062966
2100333787
2100286523
2100314949
2100172366
2100259798
2100457175
2100456699
2100067401
2100356477
2100184788
2100338405
2100304746
2100066834
2100068118
2100463300
2100104823
2100258309
2100188639
2100215034
2100154211
2100240964
2100196452
2100372713
2100153283
2100227862
2100455497
2100185306
2100200215
2100439307
2100382468
2100394379
2100214621
2100177093
2100231381
2100302683
2100267216
2100389125
2100371491
2100305949
2100049933
2100038537
2100121777
2100330941
2100231814
2100319107
2100311400
2100244488
2100181045
2100220466
2100224401
2100324248
2100060043
2100230634
2100263234
2100345761
2100134310
2100257897
2100277635
2100061109
2100243588
2100174057
2100328483
2100315844
2100147913
2100365961
2100186866
2100257397
2100381569
2102582446
2102585802
2102578191
2102587671
2102588929
2102586303
2102584922
2102584688
2102588587
2102584601
2102585642
2102579866
2102576997
2102587248
2102577962
2102578702
2102581399
2102584287
2102588917
2102584053
2102582406
2102581517
2102587459
2102585171
2102577524
2102589147
2102574164
2102583498
2102577760
2102579131
2102577783
2102582784
2102584824
2102585340
2102587312
2102581969
2102588711
2102580216
2102585598
2102579854
2102581353
2102587201
2102581318
2102579897
2102579772
2102587140
2102581264
2102581235
2102581229
2102586194
2102581187
2102580042
2102588436
2102581160
2102580149
2102585836
2102587092
2102581103
2102588425
2102589034
2102585844
2102580131
2102585380
2102579887
2102588413
2102583273
2102580999
2102580277
2102583338
2102580810
2102580803
2102580594
2102586296
2102581820
2102581811
2102581808
2102585559
2102580458
2102581800
2102587230
2102585679
2102588870
2102588880
2102585987
2102581458
2102582619
2102583313
2102585399
2102588575
2102581682
2102585393
2102584932
2102576603
2102576949
2102576097
2102584163
2102583521
2102576905
2102579101
2102576189
2102573322
2102576869
2102584680
2102575330
2102578334
2102587928
2102583381
2102585215
2102584345
2102576204
2102579491
2102584341
2102584319
2102579201
2102577355
2102576323
2102580747
2102577259
2102587850
2102584788
2102583553
2102588170
2102576148
2102574023
2102574195
2102584762
2102580695
2102576113
2102584412
2102578066
2102586534
2102586921
2102576968
2102577214
2102578541
2102576167
2102578530
2102579767
2102588085
2102577023
2102577687
2102579762
2102580364
2102584994
2102576175
2102576670
2102583461
2102587753
2102576381
2102583694
2102575898
2102586773
2102577489
2102573660
2102576731
2102576721
2102576776
2102575600
2102577536
2102578880
2102578234
2102588260
2102575654
2102576398
2102578773
2102578807
2102576509
2102578324
2102583721
2102576707
2102583791
2102576692
2102578372
2102577588
2102586319
2102578476
2102576756
2102580609
2102575863
2102573350
2102579400
2102580765
2102584002
2102584626
2102585181
2102578461
2102576367
2102576018
2102584593
2102586763
2102578812
2102584113
2102586511
2102584803
2102581001
2102580202
2102585197
2102583040
2102579065
2102578644
2102589454
2102573490
2100066864
2100190290
2100157142
2100057531
2100086022
2100115672
2100079552
2100043628
2100086821
2100109307
2100048705
2100119118
2100027277
2100027256
2100027285
2100027863
2100027302
2100184091
2101900528
2101325854
2101761453
2100777045
2101922558
2102033600
2100965837
2101291784
2100483620
2100750384
2102324000
2101553269
2100600631
2102132028
2101263116
2101721552
2100514786
2101921563
2101407694
2100778540
2101691492
2100819833
2101744678
2102100852
2100587703
2101368111
2101780551
2101854597
2100776132
2101767631
2100710998
2102095548
2100751098
2101505020
2101430997
2100471024
2102287203
2100413966
2100765499
2101739116
2100590285
2101869905
2100715695
2101519552
2100460891
2100696828
2101677541
2101692720
2102534191
2101534550
2100709680
2100666511
2102193818
2101713646
2101983822
2101927331
2100697686
2102300737
2100802189
2102412887
2101961387
2102036914
2101661128
2100666512
2102530081
2100861259
2101342749
2101572931
2100812318
2102004297
2100547506
2100738689
2101553270
2100699871
2101523951
2101977840
2100713382
2101514870
2101353013
2101938036
2101391562
2102185208
2101745957
2101534552
2102421726
2102172171
2101187792
2100445359
2100597563
2101772883
2101643975
2101727499
2101964676
2101023124
2101755529
2101389928
2101397226
2101988006
2100729406
2101885062
2101876254
2100490677
2101102690
2101955864
2100490231
2101869911
2101367143
2102447764
2100515434
2102203962
2100507170
2100501814
2101059868
2102282804
2102314123
2101951779
2101379515
2101789053
2102484347
2102509266
2102525967
2102518869
2102483388
2102541750
2102522718
2102524704
2102529042
2102515490
2102479288
2102551421
2102566990
2102550270
2102480433
2102547993
2102478030
2102542848
2102485300
2102513030
2102549039
2102530084
2102477028
2102491418
2102516622
2102564014
2102491419
2102485302
2102479290
2102504861
2102549055
2100113386
2100379008
2100316102
2100089899
2100373915
2100277771
2100087866
2100376724
2100148717
2100169456
2100363351
2100338517
2100391499
2100397924
2100208253
2100228175
2100328647
2100267809
2100348423
2100381067
2100396839
2100345489
2100342100
2100236081
2100144562
2100340085
2100229448
2100148721
2100204113
2100275731
2100132765
2100259561
2100356687
2100110332
2100226449
2100359174
2101824576
2101823611
2101825645
2100257595
2100228188
2100229174
2100184479
2100163883
2100260169
2100187302
2100251100
2100169846
2100296168
2100220737
2100316125
2100330083
2100217132
2100334907
2100164787
2100348505
2100250686
2100287455
2100179802
2100207545
2100211145
2100170648
2100251747
2100312245
2100199777
2100327362
2100212098
2100277223
2100318140
2100192302
2100302421
2100165647
2100315079
2100242388
2100334049
2100195022
2100219086
2100208956
2100264223
2100338527
2100246580
2100176227
2100295043
2100330636
2100284664
2100244269
2100243969
2100289354
2100219376
2100250140
2100306186
2100320950
2100262808
2100220161
2100311700
2100332714
2100227420
2100235525
2100273151
2100212925
2100238366
2100340105
2100308314
2100229815
2100258675
2100349572
2100319443
2100194118
2100214862
2100223039
2100276195
2100249817
2100350186
2100136895
2100129260
2100260565
2100228601
2100284070
2100251766
2100293577
2100234663
2100093497
2100252426
2100330655
2100244709
2100350747
2100349592
2100316137
2100250707
2100354279
2100225391
2100306881
2100211799
2100243975
2100424639
2100109750
2100286881
2100336092
2100244279
2100343402
2100252157
2100212449
2100420952
2100822749
2101259768
2100459268
2102177224
2100224878
2100289549
2100446434
2100361734
2100379966
2100330759
2100325722
2100749294
2100625919
2100927619
2100594460
2100727160
2100833937
2100790526
2100735576
2101024823
2100541800
2100728933
2100770072
2100619629
2100817371
2100595040
2100832056
2100668669
2100562200
2100822383
2100902171
2100572626
2100702522
2100595682
2100980929
2100681897
2100553136
2100682620
2100718630
2100850347
2100510914
2100772506
2100998280
2100574806
2100670330
2100731871
2100743598
2101028564
2100630780
2100925490
2100921905
2100655539
2100686525
2100694688
2101036546
2100899659
2100608995
2100844286
2100639171
2100647980
2100860130
2100508021
2100534252
2100513948
2100752106
2100725876
2100512957
2100944962
2100793038
2100720921
2100975610
2100637095
2100960026
2100755017
2100724342
2100838546
2100865901
2100614150
2100912140
2100927603
2100953604
2100755015
2100841611
2100770976
2100815758
2100973174
2100552408
2100648838
2100871867
2101041123
2100761408
2100916653
2100643095
2100813779
2100760680
2100776403
2101008705
2100632447
2100624060
2101035804
2100647520
2100703259
2100586136
2100701425
2100759600
2100834936
2100700192
2100924201
2100622432
2100861607
2100952184
2101012840
2100854996
2100945774
2100774505
2100707915
2100848607
2100789937
2101031815
2100697195
2100756215
2100652296
2100767425
2100876712
2100734458
2100611053
2100831097
2100741579
2100732939
2100897755
2100891279
2100663179
2100666896
2100901412
2100894091
2100994323
2100894929
2100827047
2100738862
2100813264
2100740157
2100555594
2100930895
2100993493
2100590842
2100508018
2100702519
2100926773
2100659219
2100941065
2100723116
2100668666
2100908516
2100783624
2100842269
2100711467
2100649559
2100680982
2100679915
2100693704
2100696503
2100778201
2100681895
2100746273
2101003516
2100913859
2100911426
2100909255
2100947905
2100687188
2100802607
2100686520
2100810830
2100792142
2100781452
2101009401
2100631547
2101002448
2100651074
2100793982
2100924992
2100671570
2100677217
2100837833
2100718072
2100753555
2100762257
2100699487
2100999067
2100852627
2100904792
2100710693
2100967284
2101005063
2100905569
2100710031
2100803090
2100812634
2100698148
2100650548
2100639169
2100755666
2100879111
2100636310
2100708606
2100803847
2100657066
2100893211
2100744723
2100727158
2100909872
2100855709
2100866705
2100719333
2100807680
2100701967
2100871176
2100621660
2100713882
2100988074
2100651662
2100545944
2100635718
2100859541
2100858319
2100915661
2100809603
2100725283
2100752865
2100688636
2100629614
2100981902
2100683279
2100919783
2100650021
2100687940
2100858858
2100925489
2100731338
2100933642
2100988913
2100726550
2100843546
2100898576
2100644317
2100670331
2100704376
2100837290
2100740612
2100892354
2100951333
2100720919
2100672722
2100513947
2100816515
2100648837
2100668672
2100533754
2100955392
2100837827
2100916659
2100660946
2101390461
