multi_032_094_028_RL 720 738 953 961
multi_020_095_004_LU 748 756 246 254
multi_025_067_032_RU 475 483 466 474
multi_025_076_032_RU 475 483 466 474
multi_327_092_017_LL 914 936 143 167
multi_327_081_017_LL 914 936 143 167
multi_017_086_022_RL 584 594 600 619
multi_325_072_044_RL 290 298 934 942
multi_017_086_022_RL  32  42 213 323
multi_017_097_022_RL  32  42 213 323
multi_013_103_019_LL 147 153 770 776
multi_326_082_034_RU 460 468 441 451
multi_401_013_043_LL 240 250 489 499
multi_401_013_043_LU 437 445 462 470
multi_401_013_043_LL 450 460 525 536
multi_305_034_056_LU 267 273 208 214
multi_406_071_081_LL 913 975 500 547 
multi_323_052_016_LL 80 140  0 350
multi_327_092_017_LL 500 1032 0 200
multi_327_081_017_LL 500 1032 0 200
multi_327_081_017_LU 82 93 351 361
