20170127007
20170202006
20170225011
20170305011
20170306020  
20170306021
20170325006
20170427006
20170603002
20170603003
20170920012
20170921019
20170921024
20171014007
20171020003
20171021010
20171025009
20171110004
20171121009
20171123003
20171123005
20171123007
20171123008
20171222013
20180202005
20180210005
20180211021
20180214010
20180313017
20180316016 
20180514015
20180517015
20180810011
20180814009
20180905024
20181017008
20181017009
20181017010
20181017011
20181112015
20181205012 
20190113017
20190413014
20190605008
20190605010
20190622008
20190808020
20190905013
20190907020
20191004019
20191227028
20200131026
