20170103003
20170105009
20170105011
20170106001
20170106003
20170107012
20170119003
20170124013
20170130021
20170130024
20170131035
20170131038
20170221012
20170222010
20170225015
20170301010
20170301012
20170301013
20170301014
20170303012
20170305009
20170322018
20170325005
20170330006
20170418005
20170419006
20170423013
20170423016
20170424007
20170424008
20170424009
20170424010
20170427003
20170428007
20170428019
20170428020
20170501012
20170502009
20170519002
20170522004
20170522005
20170529007
20170830014
20170920010
20170923014
20171013014
20171019009
20171021008
20171021009
20171025010
20171025011
20171027010
20171120004
20171121008
20171211003
20180104008
20180207008
20180211015
20180211018
20180215016
20180216009
20180220015
20180222014
20180308002
20180309001
20180310006
20180312008
20180319013
20180410004
20180412022
20180412023
20180418015
20180419008
20180420009
20180421007
20180421008
20180511027
20180714007
20180810010
20180912008
20181002006
20181011017
20181211010
20181211015
20181213014
20190106008
20190108011
20190116017
20190201015
20190205020
20190208030
20190208036
20190209025
20190209026
20190302031
20190303002
20190303010
20190308009
20190315018
20190506012
20190512015
20190529020
20190603007
20190604008
20190606018
20190606019
20190624014
20190627015
20190706013
20190803026
20190805021
20190808016
20190829010
20190923008
20190928012
20190929015
20191004018
20191102021
20191122010
20191124014
20191127003
20191202032
20200115014
20200123021
20200131016
20200131025
20200228016
20200229016
20200318012
20200321014
20200323020
20200329018
20200329024
20200330019
20200417016
20200422018
20200424010
20200430020
20200513020
20200518021
20200518023
20200521021
20200525020
20200525022
20200621014
20200625017
