3013270292
3013402810
3013223099
3009890888
3013402622
3009894180
3012019980
3013397601
3013354051
3013347746
3013250105
3009866796
3013375211
3013402335
3013402724
3013354000
3013360806
3013250125
3009623719
3009890847
3012019970
3013250249
3009814819
3013131415
3013375153
3009645319
3009791731
3009842292
3009890788
3009635633
3012011320
3013229935
3009623725
3009838013
3009631355
3009852835
3013127454
3009640755
3009890920
3013354070
3013259071
3009635714
3013305173
3013353999
3013354060
3013354064
3009909715
3013347747
3013360737
3013375163
3013375177
3013360734
3013402469
3009842354
3013223053
3013375277
3009623784
3009894045
3009640812
3009863227
3013305151
3013397794
3013402524
3009640869
3009890815
3010071324
3009663000
3009875497
3013360793
3009654126
3009875373
3009635607
3009807752
3013335343
3013402544
3010068354
3010068334
3009700395
3012828476
3013279915
3013355353
3009807743
3013135670
3009828354
3013289167
3013377121
3013154623
3013229990
3009909765
3000010310
3000136732
3000160795
3000239515
3000247119
3000382310
3000390932
3000843230
3000934592
3001185884
3001219917
3001422831
3001535457
3001537075
3001563858
3001580747
3001700011
3001700076
3001717992
3001788095
3002718177
3002748842
3002936882
3002974972
3003071152
3003073355
3003546998
3003873213
3003873302
3003873366
3003873385
3003873516
3003877892
3003881573
3003893683
3003893716
3003893718
3003893724
3003897395
3003897451
3003902594
3003954214
3003985929
3003989036
3003989050
3003989215
3003989224
3003991881
3003991898
3003991899
3004141013
3004373926
3004373929
3004374002
3004374009
3004392007
3004392066
3004392130
3004429916
3004432369
3004438982
3004445862
3004445874
3004445882
3004453141
3004453145
3004453197
3004453221
3004480598
3004486832
3004490546
3004501831
3004501869
3004507626
3004507671
3004517996
3004521762
3004526580
3004526591
3004526623
3006110060
3006110063
3006110091
3008534476
3008561797
3008572558
3008866360
3009427349
3009430221
3009623685
3009623741
3009623763
3009627856
3009627858
3009640658
3009640692
3009640719
3009640756
3009640803
3009649494
3009662971
3009667603
3009674413
3009820209
3009820264
3009832537
3009837997
3009838002
3009838006
3009842316
3009842318
3009846378
3009849802
3009852879
3009856588
3009856602
3009856610
3009859743
3009859762
3009859801
3009890821
3009890832
3009890833
3009890836
3009890876
3009894011
3009894026
3009894047
3009894120
3009897086
3009897100
3009897124
3009897201
3009900562
3009900584
3009909699
3009909719
3009914394
3009922360
3009922368
3009972389
3009999452
3010065012
3010095143
3010124266
3010175051
3010179797
3010491238
3010491251
3010491298
3010659848
3012007714
3012011297
3012014171
3012016572
3012016574
3012019920
3012019938
3012824399
3013131411
3013131417
3013131492
3013154558
3013229947
3013249986
3013249993
3013259151
3013259267
3013259346
3013270231
3013270235
3013270246
3013270380
3013270393
3013270409
3013270436
3013270445
3013279814
3013289050
3013289054
3013289079
3013289103
3013289119
3013289153
3013289171
3013289185
3013305112
3013335298
3013347700
3013347717
3013347769
3013354041
3013360743
3013368601
3013368612
3013368617
3013368637
3013368641
3013368679
3013370340
3013375113
3013375122
3013375132
3013375289
3013391867
3013391887
3013391892
3013402286
3013402289
3013402292
3013402300
3013402304
3013402342
3013402343
3013402344
3013402371
3013402386
3013402396
3013402426
3013402433
3013402443
3013402461
3013402509
3013402510
3013402601
3013402653
3013402655
3013402669
3013454401
3013478113
3013496730
3013569709
3013569713
3013569717
3013633044
3013633051
3013633059
3013633080
3013636699
3013636753
3013640591
3013640612
3013644812
3013669025
3013674347
3013680321
3013691882
3013696682
3013696753
3013696776
3013725957
3013725961
3013740648
3013741486
3013741716
3013751817
3013765162
3013773124
3013773147
3013775165
3013775226
3013779780
3013789020
3013812855
3013812857
3013812875
3013812934
3013812971
3013812979
3013813058
3013813180
3013813379
3013813449
3013813928
3013814054
3013814672
3013815001
3013815031
3013832447
3013832450
3013832454
3013832477
3013832479
3013832506
3013832643
3013832749
3013832817
3013832917
3013833052
3013833098
3013833115
3013833223
3013833260
3013833283
3013833345
3013833394
3013833412
3013833457
3013833555
3013833655
3013833752
3013833778
3013833790
3013834020
