3000095235
3000370888
3000798493
3000851965
3000874406
3000934592
3001088383
3001088397
3001093018
3001131982
3001185884
3001189960
3001219917
3001222451
3001385259
3001405505
3001486919
3001576208
3001578512
3001580747
3001580748
3002085271
3002397205
3002434295
3002454477
3002667353
3002748842
3002778684
3002862647
3002872223
3002902737
3002936882
3002979249
3003037698
3003054348
3003066417
3003071152
3003073355
3003175033
3003285739
3003300752
3003331022
3003339888
3003546998
3003805844
3004023468
3004100970
3004175641
3004453876
3006399709
3000351955
3000444637
3000848956
3001151729
3001156900
3001222449
3001299780
3001405518
3002109795
3002293820
3002806245
3002818123
3002880871
3002880893
3002905034
3002976742
3002997891
3003000466
3003060223
3003089150
3003094642
3003294578
3003308681
3003745432
3003889077
3003889118
3004696724
3007341629
3008811227
3008866410
3008964974
3008973934
3009488951
3010491238
3010491247
3010491251
3010491298
3010539694
3011727062
3011727130
3012034655
3012094279
3012702359
3012702378
3012746977
3013470066
3013626823
3013641420
3000741174
3000843230
3000843260
3000854275
3000868032
3001180593
3002005449
3002246544
3002650561
3002884229
3002902033
3002905350
3002905867
3002915886
3002928547
3002941068
3002945283
3002945284
3002954635
3003053763
3003096609
3003119581
3003120267
3003133733
3003133778
3003158626
3003162782
3003458757
3003458760
3003568653
3003943260
3004446887
3004491439
3004583097
3004651957
3004704710
3004783979
3004784809
3005894994
3005910099
3006327200
3006441668
3006697478
3006780293
3006883595
3006919235
3006997340
3006997351
3007734826
3007734829
3007734840
3007805643
3007887468
3008340452
3008833520
3008845969
3009080697
3010179221
3010209144
3010300921
3010440089
3010491261
3010491272
3010808663
3010978572
3011398926
3011417011
3011480091
3011484226
3012216515
3012516157
3012551233
3012637419
3012668400
3012707824
3012727461
3012926856
3012941059
3013148190
3013149953
3013357463
3013357482
3013361797
3013692586
3000337874
3000988439
3001025053
3001181739
3001299843
3002670439
3002730456
3002867084
3002939069
3002978804
3002980712
3003055684
3003100272
3003111251
3003119588
3003119597
3003128957
3004446877
3004446878
3004446883
3004522455
3004702444
3006129645
3006216937
3006238900
3006242232
3006352443
3006366923
3006510998
3006523320
3006596777
3006847701
3007183998
3007261622
3007887354
3007887474
3008207280
3008274433
3008323934
3008450982
3008561606
3008885449
3009158477
3009815221
3010491281
3010757943
3010881831
3011119364
3011223950
3011453812
3011484408
3011541327
3012000801
3012213489
3012216500
3012216527
3012216529
3012216559
3012220727
3012286215
3012525779
3012635779
3012643287
3012851306
3012941060
3013120935
3013177927
3013333128
3013622837
3013665228
3013782108
3013817441
3000955913
3001969611
3003078222
3003106212
3003122724
3003133752
3005999503
3005999508
3006298947
3006340751
3006614067
3006614082
3006809881
3006858216
3007123197
3007220973
3007309222
3007309227
3007309237
3007338671
3007383527
3007394355
3007394356
3007559568
3007616241
3007713391
3007740100
3007887353
3008305837
3008481578
3008703205
3008936243
3008969718
3009792473
3010650181
3010713873
3011119859
3011263932
3011520137
3012116926
3012213478
3012213479
3012213483
3012213501
3012213518
3012250569
3012310313
3012317110
3012334540
3012366026
3012366373
3012460929
3012460932
3012522233
3012530630
3012633026
3012633069
3012633072
3012635794
3012639596
3012639597
3012639598
3012639606
3012701469
3012707821
3012851316
3012851323
3000333247
3000333328
3000391915
3000466116
3001348874
3003089175
3006340013
3007015785
3007050800
3007729884
3007743197
3007830307
3007861833
3008098933
3008237547
3008534476
3008534478
3008548710
3008689386
3008709700
3008788868
3009922953
3010465780
3010722945
3010814730
3011147868
3011496397
3011773552
3012210126
3012229170
3012229177
3012229216
3012250570
3012250610
3012250628
3012250633
3012254244
3012254252
3012263995
3012267139
3012267140
3012267142
3012310309
3012310339
3012310356
3012320116
3012320118
3012320176
3012376727
3012386413
3012386424
3012432792
3012515107
3012633027
3012639605
3012705137
3013111451
3013120940
3013213411
3013812857
3000320826
3000378323
3000462658
3001512267
3001940582
3003070431
3003133820
3003136683
3003635049
3004282998
3004745994
3005002612
3005701108
3005896383
3006346346
3006521573
3006522743
3006717645
3007559516
3008098943
3008481610
3008496923
3009410936
3009607750
3010154604
3010934376
3011497188
3012092290
3012221130
3012254235
3012254237
3012257345
3012282747
3012286218
3012310380
3012313611
3012313623
3012313659
3012317041
3012320115
3012320125
3012373199
3012506633
3012522240
3012525801
3012528759
3012670206
3012689298
3012766360
3012766384
3012766388
3012856204
3013083747
3013276663
3000097260
3000191571
3000203359
3000240541
3000251036
3000310569
3000328325
3000332224
3000341523
3000372087
3000386532
3000934617
3000954707
3001096322
3001125807
3001169562
3001221603
3001397428
3001552906
3001914502
3001917510
3002605167
3002714313
3002714480
3002730461
3002813903
3002904367
3002908305
3002922610
3002941558
3002981274
3002983287
3003044937
3003052388
3003068058
3003146194
3003171904
3003300768
3003433794
3003733576
3003826919
3003864410
3004080194
3004648692
3005226926
3005436309
3005448756
3005849599
3005982394
3006028043
3006111313
3006193671
3006207445
3006336848
3006338928
3006338950
3006340245
3006340904
3006340935
3006341435
3006388290
3006513930
3006663521
3006723884
3006858219
3006924393
3006983164
3006988813
3007022825
3007029218
3007070937
3007072295
3007088415
3007166867
3007186526
3007230800
3007231015
3007253620
3007256146
3007266214
3007280821
3007280834
3007345766
3007363691
3007449040
3007449491
3007460997
3007555146
3007648686
3007734838
3007734852
3007778286
3007804696
3007887359
3007922869
3008012437
3008042102
3008418196
3008436616
3008490598
3008617336
3008736455
3008976642
3008976874
3009387611
3009488960
3009723028
3009740382
3009845464
3009847775
3009961224
3010000400
3010026688
3010041046
3010154617
3010199221
3010201286
3010231040
3010410207
3010491260
3010754969
3010812191
3010858926
3010927267
3011142800
3011238921
3011464849
3011482508
3011483541
3011484424
3011773249
3011875883
3012054266
3012210964
3012222204
3012238941
3012265940
3012402101
3012620014
3012624393
3012639617
3012640338
3012851331
3013007149
3013039035
3013235434
3013241387
3013357503
3013394358
3013508716
3013601085
3013752362
3013830900
3000724325
3000786671
3000839907
3001123018
3001205159
3001270250
3001422831
3001589891
3002107714
3002109864
3002347788
3002472050
3002833166
3003039020
3003202062
3003202088
3003364108
3004590165
3004713308
3005103554
3005103607
3005270021
3005353913
3005374832
3005587915
3005867236
3006061378
3006663515
3006938572
3007005119
3007072281
3007226581
3007734856
3007907211
3007951811
3008085980
3008085988
3008109912
3008418255
3008837765
3008841206
3008921909
3009676290
3010007281
3010032947
3010300925
3010606852
3010801329
3010849911
3010945494
3011130256
3011421461
3011480094
3011545789
3012124131
3012472005
3012641802
3012713445
3012980946
3013141831
3013357519
