           3000095160
           3000095782
           3000095786
           3000095795
           3000095825
           3000095831
           3000095845
           3000095849
           3000095866
           3000096746
           3000096749
           3000096753
           3000096756
           3000096760
           3000096768
           3000096770
           3000096773
           3000096774
           3000096781
           3000096806
           3000097150
           3000097152
           3000097427
           3000097822
           3000097826
           3000097833
           3000097847
           3000097848
           3000097853
           3000097856
           3000097860
           3000098355
           3000098359
           3000098360
           3000098366
           3000098371
           3000098380
           3000098402
           3000098469
           3000098574
           3000098585
           3000098588
           3000098606
           3000098607
           3000098617
           3000098623
           3000098632
           3000098657
           3000098830
           3000098866
           3000098893
           3000098932
           3000099281
           3000099289
           3000099764
           3000099765
           3000099790
           3000099793
           3000099799
           3000099803
           3000099811
           3000099815
           3000099839
           3000099847
           3000099858
           3000099897
           3000100316
           3000100322
           3000100325
           3000100328
           3000100332
           3000100382
           3000100386
           3000100428
           3000100430
           3000100443
           3000100451
           3000100466
           3000100473
           3000100501
           3000100502
           3000100597
           3000100618
           3000100632
           3000100735
           3000100886
           3000101014
           3000101029
           3000101037
           3000101054
           3000101075
           3000101101
           3000101157
           3000101404
           3000101423
           3000101427
           3000101438
           3000101439
           3000101442
           3000101446
           3000101469
           3000101484
           3000101491
           3000101502
           3000101553
           3000101610
           3000101820
           3000101846
           3000101849
           3000101896
           3000101975
           3000102102
           3000102110
           3000102132
           3000102291
           3000102305
           3000102458
           3000102493
           3000102495
           3000264544
           3000372436
           3000547099
           3000572057
           3000701581
           3000711990
           3000712068
           3000982073
           3001207708
           3002256570
           3002257162
           3002258545
           3002258566
           3002258569
           3002258571
           3002258587
           3003153474
           3003501774
           3003649266
           3003649268
           3003649273
           3003870729
           3003888589
           3004645618
           3007499817
           3007828124
           3008695128
           3008699443
           3013030958
           3013487918
           3000096750
           3000096795
           3000098829
           3000098927
           3000099585
           3000205923
           3000389012
           3001170129
           3001315860
           3001330731
           3001330735
           3001349172
           3001354363
           3001868101
           3002041969
           3003372304
           3003447756
           3008711363
           3008720629
           3008778447
           3008788399
           3008788439
           3008885434
           3008885485
           3008885512
           3008893110
           3008961419
           3008973958
           3010024420
           3010181772
           3010300513
           3012760399
           3012821965
           3012822018
           3013007870
           3013157137
           3013233904
           3013271202
           3013289749
           3013305624
           3013368953
           3013465319
           3013473619
           3013503066
           3013567462
           3013575865
           3013589224
           3013793095
           3000052889
           3000060841
           3000077295
           3000415082
           3000421121
           3000433170
           3000544963
           3000547228
           3000560110
           3000638419
           3000745429
           3000761250
           3000773553
           3000831024
           3000833581
           3001093147
           3001209271
           3001357618
           3001733776
           3001837006
           3002045076
           3002071052
           3002115902
           3002169145
           3002600688
           3002939782
           3003267745
           3003734313
           3003853265
           3003918729
           3004147254
           3004474671
           3004479757
           3004600048
           3004915672
           3005270532
           3005272728
           3005285245
           3005331880
           3005744598
           3005895336
           3006066823
           3006448578
           3006595268
           3006598441
           3006633098
           3006655147
           3006720588
           3006870708
           3006911570
           3006945786
           3006965412
           3007027605
           3007077979
           3007208560
           3007248851
           3007396800
           3007451063
           3007479977
           3007651145
           3008526828
           3008572479
           3008633014
           3008755788
           3008764192
           3008770854
           3008786207
           3008958717
           3008968364
           3009122142
           3009195259
           3009577836
           3009588251
           3009589734
           3009603597
           3009652374
           3009774536
           3009782092
           3009934212
           3009956587
           3009982044
           3010062734
           3010695522
           3010719113
           3010749442
           3010792828
           3010942678
           3011192871
           3011198142
           3011243282
           3011416559
           3011513083
           3011518870
           3011568342
           3011643982
           3011726136
           3011816985
           3011882375
           3011883233
           3012008779
           3012146073
           3012194127
           3012308942
           3012552007
           3012593757
           3012654023
           3012890184
           3013039546
           3013204421
           3013220684
           3013664089
