3011815431
3000100359
3000716301
3008889368
3011611675
3011611673
3013503038
3003552329
3013427275
3009478238
3003465830
3003432566
3011248249
3000713339
3010736764
3010650239
3008697995
3003373734
3011045033
3008592069
3004919515
3010321125
3013427478
3013525314
3011377482
3013454684
3013447024
3011396980
3010634617
3011268495
3009691535
3001363858
3009728924
3009701808
3010506175
3003442125
3001043414
3000389089
3010440679
3000661751
3011645963
3011645965
3011645985
3011645988
3011202605
3011646002
3000500314
3010650216
3011773576
3011669165
3011669180
3011669190
3011669204
3011669205
3011669215
3011662560
3001307449
3000251250
3009691538
3011768754
3011768788
3011645927
3011645934
3011645964
3011773596
3000830733
3000648078
3000620054
3000614772
3000795963
3000790277
3000801912
3000780209
3011322264
3011645963
3011645965
3011645985
3011645988
3011202605
3011646002
3000500314
3010650216
3011773576
3011669165
3011669180
3011669190
3011669204
3011669205
3011669215
3011662560
3001307449
3000251250
3009691538
3011768754
3011768788
3011645927
3011645934
3011645964
3011773596
3000830733
3000648078
3000620054
3000614772
3000795963
3000790277
3000801912
3000780209
3011322264
