3000095160
3000095782
3000095795
3000095825
3000095845
3000095849
3000095866
3000095879
3000096489
3000096775
3000097150
3000097160
3000097185
3000097427
3000097814
3000097822
3000097826
3000097828
3000097833
3000097837
3000097841
3000097847
3000097848
3000097853
3000097856
3000097860
3000097865
3000097884
3000098355
3000098359
3000098360
3000098366
3000098402
3000098407
3000098469
3000098574
3000098585
3000098588
3000098601
3000098620
3000098623
3000098631
3000098657
3000099281
3000099289
3000099337
3000099471
3000099764
3000099765
3000099782
3000099790
3000099792
3000099793
3000099799
3000099803
3000099811
3000099815
3000099839
3000099847
3000099858
3000099897
3000100106
3000100111
3000100316
3000100322
3000100325
3000100328
3000100332
3000100382
3000100386
3000100431
3000100456
3000100466
3000100502
3000100543
3000100597
3000100632
3000101014
3000101025
3000101029
3000101054
3000101075
3000101101
3000101157
3000101404
3000101423
3000101425
3000101427
3000101438
3000101439
3000101442
3000101446
3000101484
3000101491
3000101502
3000101553
3000101610
3000101820
3000101831
3000101846
3000101849
3000101883
3000101886
3000101930
3000101975
3000102097
3000102131
3000102132
3000102161
3000112377
3000246109
3000246189
3000701550
3000701902
3001187651
3001196973
3001198418
3001207708
3001282812
3001318912
3001338676
3001354117
3002002441
3002025205
3002027636
3002257162
3002257165
3002257168
3002258566
3002258571
3002950715
3003076714
3003090841
3003100741
3003106776
3003109188
3003126432
3003155320
3003163424
3003168355
3003195236
3003228091
3003246572
3003254095
3003256809
3003275581
3003279517
3003313000
3003314557
3003318329
3003367065
3003397890
3003473438
3003487000
3003493751
3003501766
3003501774
3003505037
3003507119
3003510002
3003571050
3003590554
3003641878
3003648416
3003649266
3003649273
3003665456
3003702387
3003713311
3003739788
3003805795
3003811370
3003853198
3003864312
3003888589
3003918375
3003930161
3003957869
3004043025
3004100958
3004134513
3013191068
3013459949
3013631355
3013734294
3000019198
3000019199
3000019205
3000028047
3000028064
3000028069
3000028137
3000028261
3000028729
3000028785
3000028793
3000029058
3000029758
3000029772
3000029817
3000029853
3000035998
3000049988
3000050039
3000052243
3000096497
3000096498
3000096503
3000096712
3000096746
3000096747
3000096749
3000096750
3000096753
3000096754
3000096756
3000096760
3000096768
3000096770
3000096773
3000096774
3000096781
3000096784
3000096789
3000096795
3000096806
3000096960
3000097364
3000097953
3000098506
3000098772
3000098815
3000098829
3000098830
3000098832
3000098866
3000098870
3000098887
3000098890
3000098893
3000098927
3000098932
3000099438
3000099872
3000100371
3000100396
3000100447
3000100464
3000100469
3000100536
3000100580
3000100613
3000100735
3000102229
3000102268
3000102275
3000102286
3000102291
3000102305
3000102460
3000102489
3000109076
3000110275
3000115961
3000129821
3000205911
3000205914
3000205923
3000206181
3000206249
3000206265
3000207195
3000248008
3000262650
3000262657
3000262659
3000262675
3000262692
3000262696
3000263209
3000263320
3000324603
3000361098
3000375972
3000388986
3000389021
3000389112
3000389241
3000389242
3000389243
3000389244
3000410518
3000429853
3000430056
3000439475
3000439488
3000444353
3000452348
3000452357
3000452418
3000454549
3000455674
3000456611
3000456677
3000456710
3000458219
3000492096
3000545174
3000546792
3000546818
3000546998
3000547171
3000547177
3000547278
3000548666
3000571712
3000571837
3000587173
3000599273
3000607137
3000618946
3000661530
3000661531
3000661535
3000661545
3000661551
3000661554
3000661576
3000661607
3000661612
3000661616
3000661617
3000661634
3000661638
3000661659
3000661661
3000661750
3000661763
3000665247
3000679731
3000691354
3000701168
3000701245
3000701409
3000701414
3000701489
3000701581
3000701761
3000701765
3000701792
3000701798
3000702161
3000702172
3000702182
3000702259
3000702343
3000702363
3000702383
3000702422
3000702476
3000702493
3000711990
3000713147
3000713161
3000713190
3000713266
3000713318
3000713341
3000713386
3000714545
3000715344
3000794883
3000830735
3000843209
3000843216
3000853311
3000854425
3000854435
3000861030
3000865839
3000868166
3000869738
3000870939
3000877587
3001056857
3001135416
3001154380
3001160022
3001163409
3001169994
3001170067
3001170124
3001171211
3001171292
3001171323
3001171362
3001171404
3001177802
3001182324
3001182899
3001194400
3001198649
3001206371
3001209654
3001213731
3001214346
3001218263
3001219674
3001219681
3001223934
3001228016
3001237800
3001239650
3001313435
3001313444
3001313445
3001315860
3001330731
3001330735
3001335506
3001349172
3001354363
3001354367
3001354371
3001356350
3001358026
3001363905
3001367503
3001374174
3001383715
3001397256
3001397467
3001399497
3001440910
3001448532
3001448593
3001471740
3001483733
3001531477
3001561057
3001578053
3001582591
3001585168
3001591744
3001606496
3001612975
3001626192
3001626224
3001636910
3001641486
3001641589
3001641601
3001641688
3001643277
3001643927
3001643935
3001647506
3001648171
3001667445
3001684472
3001694464
3001694481
3001699978
3001699986
3001703148
3001703230
3001795983
3001821715
3001847122
3001854090
3001858449
3001863349
3001865187
3001902646
3001914032
3001914051
3001933351
3001934077
3001951868
3001988549
3001988589
3001988625
3002015160
3002021560
3002027660
3002040301
3002042021
3002084797
3002109974
3002125470
3002255284
3002255296
3002255445
3002257087
3002257122
3002271341
3002352904
3002371528
3002381270
3002399059
3002415864
3002447250
3002453921
3002462170
3002466805
3002480268
3002491655
3002502403
3002504660
3002504703
3002513156
3002595669
3002595712
3002595962
3002602291
3002638877
3002649601
3002720187
3002722380
3002725919
3002727652
3002727667
3002728376
3002733224
3002743367
3002748226
3002766432
3002806272
3002827223
3002829714
3002850857
3002853600
3002857206
3002859782
3002866765
3002873735
3002878401
3002879043
3002890579
3002901724
3002902756
3002904131
3002905766
3002910727
3002913033
3002917898
3002920049
3002936135
3002940870
3002940904
3002945086
3002947635
3002951946
3002954503
3002971147
3002978636
3002986378
3002991122
3002993031
3002997706
3003008428
3003012827
3003144489
3003158490
3003176689
3003182616
3003194841
3003202066
3003211721
3003214469
3003221200
3003226709
3003235760
3003243884
3003272706
3003273530
3003274637
3003283169
3003283171
3003283173
3003285112
3003315882
3003317813
3003317981
3003332401
3003365983
3003371604
3003371977
3003372103
3003372190
3003372191
3003372226
3003372228
3003372257
3003372278
3003372303
3003372304
3003372306
3003372307
3003372327
3003374126
3003374196
3003377144
3003379326
3003379351
3003386985
3003389432
3003402434
3003414379
3003414519
3003417836
3003420361
3003423303
3003425424
3003425580
3003427401
3003429180
3003429356
3003429459
3003429468
3003429471
3003433792
3003435513
3003438417
3003444869
3003447745
3003447756
3003447758
3003463680
3003465832
3003465846
3003467546
3003474871
3003479471
3003489995
3003496663
3003499021
3003499027
3003504395
3003506698
3003506712
3003509329
3003509340
3003513137
3003513142
3003513152
3003513155
3003516146
3003516600
3003547038
3003570412
3003595435
3003701493
3003704054
3003789704
3003879626
3003888580
3003986820
3004171041
3004246719
3004264144
3004331663
3004385113
3004512979
3004542636
3004548425
3004559859
3004572688
3004605983
3004607818
3004613262
3004614824
3004634201
3004656901
3004677328
3004677371
3004701190
3004836492
3004919516
3004919536
3005032992
3005079240
3005104446
3005175047
3005234776
3005258400
3005258417
3005512806
3005513574
3005558811
3005558828
3005558882
3005560057
3005594802
3005630050
3005652057
3005727444
3005842606
3005966481
3005975109
3006081242
3006087994
3006087996
3006087999
3006088021
3006090504
3006191851
3006196940
3006221323
3006250322
3006269755
3006270034
3006300783
3006305112
3006334266
3006345799
3006350875
3006356385
3006435797
3006448777
3006547829
3006576211
3006648343
3006732481
3006732491
3006732505
3006736557
3006752058
3006814458
3006848478
3006938564
3006938581
3006970881
3006998433
3007172885
3007235023
3007277705
3007288836
3007343028
3007347323
3007382203
3007484946
3007508111
3007508121
3007523583
3007730629
3007797820
3007826247
3007826317
3007826332
3007826333
3007826471
3007826735
3007832799
3007832869
3007832886
3007833031
3007833079
3007838917
3007845881
3007877855
3007884230
3007887510
3007887652
3007939334
3007958489
3007958492
3007993985
3008088583
3008106276
3008393928
3008393941
3008403467
3008403468
3008416690
3008419974
3008448992
3008494582
3008496985
3008582809
3008621942
3008626114
3008648478
3008661060
3008695128
3008698012
3008699416
3008699430
3008707119
3008762471
3008774855
3008788399
3008788439
3008938452
3008955902
3008955908
3009144707
3009158186
3009231697
3009294041
3009387582
3009497208
3009586083
3009694997
3009712916
3009728902
3009735163
3009851492
3009894639
3009895672
3009897621
3009955199
3009962362
3009965032
3010019570
3010032630
3010033778
3010034781
3010048289
3010048838
3010060181
3010079509
3010079517
3010086220
3010115040
3010134980
3010168830
3010191342
3010206953
3010217357
3010226876
3010232315
3010233491
3010249933
3010250014
3010295108
3010300485
3010303702
3010324764
3010383619
3010383623
3010397591
3010411015
3010411021
3010444653
3010445663
3010447030
3010449189
3010450052
3010458952
3010470504
3010483021
3010491254
3010491269
3010491270
3010491289
3010519090
3010543687
3010564075
3010578007
3010589365
3010589369
3010589378
3010592702
3010592703
3010592712
3010605886
3010605889
3010605891
3010605892
3010614883
3010691616
3010706869
3010706982
3010707206
3010707213
3010707218
3010707265
3010707284
3010709900
3010709992
3010710020
3010710036
3010711442
3010712099
3010712109
3010712199
3010713939
3010777426
3010898287
3010954397
3010954800
3010956598
3010958200
3011000741
3011011790
3011035048
3011080995
3011116540
3011123074
3011148266
3011155759
3011197845
3011205130
3011206382
3011218800
3011222459
3011233552
3011250374
3011258333
3011261551
3011261554
3011265700
3011277944
3011322372
3011359426
3011366866
3011382641
3011382649
3011396982
3011408209
3011411520
3011412815
3011420931
3011420934
3011498144
3011511271
3011511279
3011527629
3011527641
3011527744
3011539200
3011543848
3011607944
3011692024
3011712231
3011727063
3011727085
3011734330
3011782839
3011811759
3011824146
3011868097
3011917260
3012034666
3012058553
3012062557
3012204085
3012212929
3012233414
3012261209
3012284977
3012287205
3012377314
3012378466
3012751521
3012765155
3012810234
3012821940
3012821965
3012821966
3012822018
3012822055
3012830581
3012839470
3012897440
3012897473
3012933974
3012990642
3012990643
3012998789
3013021783
3013030958
3013064293
3013130042
3013141207
3013239641
3013240675
3013266008
3013271214
3013302579
3013302641
3013302772
3013357466
3013357594
3013375528
3013592124
3013601041
3013638857
3013642813
3013651164
3013667849
3013669258
3013793095
3013835887
3008430116
3008474482
3008474698
3008481172
3008486553
3008580136
3008614933
3008621193
3008652253
3008699337
3008757835
3008810822
3008844196
3008866713
3008871144
3008887200
3009033531
3009038298
3009046622
3009203013
3009289315
3009324347
3009330638
3009330668
3009334936
3009346329
3009372268
3009379884
3009448767
3009449326
3009459194
3009459195
3009517621
3009527906
3009547626
3009584626
3009586686
3009589005
3009655508
3009663159
3009663224
3009678267
3009681807
3009693366
3009722805
3009726870
3009738387
3009770202
3009785933
3009789252
3009791256
3009814743
3009859133
3009903181
3009921872
3010078806
3010107799
3010172961
3010172962
3010183471
3010279961
3010291299
3010297557
3010312676
3010328452
3010339172
3010401522
3010420373
3010489769
3010491207
3010524035
3010570898
3010586900
3010599114
3010621691
3010649678
3010691865
3010857650
3010859341
3011015728
3011288391
3011291666
3011318444
3011330469
3011432130
3011439198
3011499628
3011499653
3011551156
3011573320
3011628056
3011668238
3011698797
3011737164
3011742203
3011752996
3011794158
3011794872
3011798835
3011810421
3011813338
3011848438
3011889550
3011945368
3011980653
3012018385
3012044956
3012060633
3012072223
3012141775
3012141876
3012168917
3012255976
3012309783
3012320623
3012506667
3012509960
3012516727
3012552188
3012575339
3012580451
3012597121
3012653756
3012657115
3012663213
3012681333
3012684256
3012710232
3012710521
3012734740
3012760852
3012763690
3012787565
3012828374
3012841613
3012897212
3012931102
3012931593
3012988658
3012994220
3013110692
3013125822
3013194840
3013214294
3013255064
3013255575
3013272637
3013304381
3013329316
3013344074
3013392325
3013432158
3013437572
3013449774
3013531885
3013539146
3013541203
3013592421
3013601090
3013613393
3013621760
3013673332
3013673555
3013675171
3013678916
3013712355
3013719612
3013725100
3013727305
3013729359
3013837593
3000029293
3000386184
3000391831
3000399391
3000407715
3000455948
3000661563
3000679385
3000707210
3000711187
3000716497
3000783988
3000806879
3000844559
3000853676
3000898316
3000906483
3000930611
3000930642
3001004685
3001031573
3001033261
3001050023
3001074291
3001096183
3001302663
3001305131
3001313444
3001315860
3001330731
3001330735
3001335506
3001349172
3001354363
3001354367
3001358026
3003414518
3003447761
3003453878
3003456106
3003456108
3003467463
3003489993
3003501384
3004681532
3004685602
3004727830
3004753543
3004777850
3006030508
3006090502
3006626440
3008699423
3008699453
3008703219
3008707871
3008711363
3008720596
3008720602
3008720612
3008720614
3008720620
3008720629
3008720652
3008750054
3008778434
3008778447
3008811365
3008824944
3008828975
3008833530
3008881742
3008881755
3008885434
3008885485
3008885512
3008889370
3008893110
3008893199
3008930945
3008930951
3008934686
3008934759
3008961278
3008961419
3008964981
3008969761
3008973958
3008973959
3008973983
3010009721
3010024420
3010036705
3010037211
3010037300
3010045015
3010045018
3010045649
3010047821
3010102048
3010114311
3010155433
3010159033
3010178686
3010230102
3012960640
3013157137
3013271202
3013280264
3013289749
3013305624
3013311269
3013313917
3013335484
3013348049
3013361048
3013368923
3013368953
3013375476
3013375482
3013397879
3013422739
3013428592
3013432821
3013461896
3013461900
3013465319
3013465337
3013473619
3013473652
3013483580
3013483624
3013490590
3013503066
3013525378
3013567462
3013575865
3013582542
3013582596
3013589224
3013589231
3013595266
3013672072
3013672083
3000030326
3000374979
3000493095
3000547374
3000713427
3001148398
3001210764
3001218269
3001222461
3001282817
3001296938
3001715310
3001818600
3001867011
3001944265
3001979961
3002041969
3002108010
3002117039
3002287893
3002329748
3002505194
3002508616
3003013508
3003349932
3003399319
3003412117
3003635593
3003880477
3003957888
3004892978
3005058342
3006649745
3007781124
3008445183
3009040117
3009616197
3009624433
3009624437
3009624490
3009636441
3010962787
3010973949
3013204421
3013220684
3013399837
3013505740
3013611776
3013611783
3013631353
3013635666
3013664089
3013750696
3000600742
3000704502
3000812513
3001126749
3001234141
3001814489
3001898296
3001941066
3001970000
3002149821
3002289036
3002296367
3002416740
3002489430
3002640053
3002654273
3002990083
3003068094
3003467477
3003620484
3003645873
3003661302
3003776407
3003876676
3004066639
3004245003
3004453137
3004583118
3004703823
3004749584
3004768800
3005035880
3005084587
3005253492
3005342284
3005542687
3005654497
3005676053
3005974426
3005977067
3006198411
3006208124
3006230341
3006546978
3006556497
3006658151
3006758907
3007374733
3007590098
3007654944
3007892901
3008494572
3008494600
3008871841
3008881684
3008885413
3009155835
3009273301
3009338776
3009342224
3009354870
3009358832
3009358834
3009387630
3009387656
3009394888
3009394897
3009394900
3009394911
3009394916
3009394922
3009410917
3009413712
3009420188
3009428683
3009443744
3009448747
3009453880
3009453891
3009454389
3009458492
3009468203
3009474383
3009474397
3009482940
3009482957
3009667569
3009676637
3009706600
3009818123
3009829133
3010093639
3010314168
3010381060
3010398265
3010420406
3010420432
3010450332
3010506811
3010513130
3010513154
3010513169
3010516496
3010516530
3010520314
3010520335
3010530360
3010530362
3010530397
3010534963
3010534964
3010539897
3010540632
3010543689
3010543720
3010547829
3010547839
3010547850
3010551493
3010551507
3010551531
3010551539
3010556499
3010556504
3010556506
3010563311
3010563328
3010563331
3010563332
3010563337
3010573487
3010585422
3010590736
3010590766
3010596399
3010599570
3010603791
3010604197
3010607162
3010610388
3010627814
3010634630
3010638102
3010646075
3010646117
3010646123
3010646139
3010646140
3010650180
3010650275
3010669559
3010703612
3010838262
3010944075
3010961583
3010969284
3010969298
3010969305
3010979116
3010986999
3010997841
3011000762
3011018415
3011054810
3011054816
3011054831
3011060078
3011065039
3011072548
3011116545
3011125547
3011186510
3011186517
3011220992
3011496396
3011496407
3011499590
3011499599
3011499629
3011511276
3011511300
3011513742
3011513768
3011513785
3011513859
3011520399
3011520420
3011520448
3011531917
3011536048
3011539165
3011539174
3011539205
3011546165
3011553712
3011553730
3011577167
3011584454
3011584478
3011587757
3011587782
3011587801
3011587811
3011592458
3011594318
3011599686
3011617144
3011617158
3011645910
3011645911
3011645920
3011645945
3011645947
3011645950
3011645969
3011689240
3011708211
3011709235
3011712212
3011768761
3011768765
3011773530
3011773583
3011773610
3011773614
3011773623
3011773629
3011778388
3011778443
3011778445
3011778446
3011782835
3011782881
3011819820
3011819832
3011819842
3011819857
3011828489
3011832020
3011871431
3011871742
3011871764
3011871773
3011874916
3011875864
3011875870
3011875882
3011875895
3011875910
3011919674
3012232929
3012875052
3012955066
3013163058
3013213622
3013752762
