3007750657
3013422185
3005802102
3001219648
3012013823
3011357185
3010411009
3000018959
3000100882
3005558816
3012394531
3000263204
3010407462
3009681961
3004723755
3010309680
3002284083
3009523767
3010478649
3009545283
3009225806
3010660430
3011299919
3000611409
3006870098
3013004372
3013414485
3000453222
3010227818
3008955499
3000711788
3006858370
3001974919
3005234845
3012398246
3000052909
3000574639
3003876528
3003379377
3005795506
3005770422
3010102966
3005804224
3013455565
3011023061
3008808666
3006357723
3001163485
3005234909
3011023069
3012578017
3000850147
3001815267
3003799788
3003427574
3000006391
3000020217
3000096508
3003372297
3009342222
3000095505
3000680210
3009242902
3010502935
3002236188
3012007199
3004753699
3000019752
3010634032
3010091315
3011303734
3011891524
3003293510
3005799772
3000552797
3008150369
3000887151
3005235070
3001212291
3000577420
3010976142
3010264465
3012752794
3005743518
3000661408
3000049577
3008685995
3005274554
3007833018
3002803133
3011884993
3000835013
3009552327
3001988555
3011030987
3003277773
3011886036
3000239577
3009802203
3013021662
3013026280
3010101229
3010707449
3008909826
3000702982
3000649739
3008494607
3011221007
3011205137
3005092889
3000246298
3003126311
3008707112
3007291434
3000717376
3003379264
3008955971
3006761028
3001641549
3000116814
3005117007
3009171028
3000715350
3010758235
3006229090
3008645220
3000581734
3003209321
3009387627
3010615407
3003871345
3004497009
3009489012
3005358201
3011132540
3000713347
3013678728
3010599563
3000819862
3006766230
3006709400
3000713370
3000773786
3009391264
3004724384
3006777517
3010961587
3003183795
3006286009
3007740601
3000108225
3000661703
3003423432
3001015497
3012262091
3011178706
3011130580
3009173723
3000453853
3010627806
3000100573
3006040297
3004575979
3003899119
3009431798
3010746617
3005702395
3008678666
3000506134
3003078432
3011080997
3000129833
3011655987
3000571706
3007826751
3012165967
3011377490
3000547154
3010929494
3000429917
3006220640
3006214497
3009168736
3005577573
3000716143
3006663539
3000446837
3000081271
3011840377
3010958207
3008491905
3011031427
3003439497
3011123083
3000542608
3000661398
3001232803
3010234288
3003479477
3000605626
3007467965
3002841535
3011090881
3011884994
3000702404
3003387847
3007945167
3002629585
3000430054
3010191340
3002210798
3010209266
3000837619
3011142134
3000430070
3000096513
3002257153
3012181635
3007281156
3008619141
3010712198
3010016007
3011632001
3005092874
3002990090
3007887626
3003372302
3001397263
3001170064
3004847888
3005234834
3000955923
3013066387
3000588821
3011345045
3009535376
3011394840
3001641634
3012211502
3003257519
3011819826
3007309235
3011018420
3000718134
3000865209
3000439484
3000098496
3003979074
3012163523
3008913605
3011597895
3007838792
3004973260
3011936077
3002257103
3000947537
3003869649
3000715347
3003374295
3008355543
3012258647
3000549978
3001170011
3010629980
3000205917
3002454263
3000389217
3006633189
3000431207
3009225831
3003799527
3005234922
3010029034
3000547181
3001209202
3000702450
3012995058
3009377781
3000096375
3000714235
3010973953
3004921245
3000265763
3010590757
3007826727
3003979059
3000635961
3000052928
3005243331
3010944078
3001209306
3000262619
3000645217
3005047655
3001017198
3001180783
3001170295
