multi_013_103_019_LL 33 36 1 150
multi_013_103_019_LU 30 33 850 1032
multi_013_103_019_RL 28 30 850 1032
multi_013_103_019_RU 30 34 1 150
multi_017_097_022_RU 194 205 1 1032
multi_024_083_023_RL 1 1032 1 1032
multi_024_083_023_RU 1 1032 1 1032
multi_038_096_014_RU 424 429 1 100 
multi_047_092_075_RL 1 1032 1000 1032
multi_047_075_075_LU 134 140 800 1032
multi_205_067_058_RL 30 33 850 1032
multi_205_067_058_RU 30 32 1 150
multi_304_044_045_RL 121 125 1 1032
multi_305_045_056_RL 412 416 504 508
multi_309_046_005_RL 198 202 1 1032
multi_311_036_053_RU 470 474 266 270
multi_315_021_073_RU 176 179 1 1032
multi_317_024_039_RL 30 32 830 1032
multi_317_024_039_RU 30 33 1 200
multi_321_026_035_RU 56 59 1 1032
multi_321_042_030_RU 56 59 1 1032
multi_321_026_035_RL 230 234 1 1032
multi_321_042_030_RL 230 234 1 1032
multi_322_063_062_LL 1 32 1 1032
multi_322_063_062_LL 64 68 1 1032
multi_323_052_016_LL 1 123 1 260
multi_323_052_016_RL 27 33 1 300
multi_323_052_016_RU 26 33 750 1032
multi_327_081_017_LL 1 350 1 350
multi_327_081_017_LL 51 55 1 1032
multi_327_092_017_LL 1 350 1 350
multi_327_092_017_LU 193 201 930 1000
multi_328_087_048_LU 30 33 800 1032
multi_418_057_064_RU 1 1032 1 300
multi_419_040_046_RU 431 435 1 200
multi_423_089_066_RL 30 34 800 1032
multi_423_089_066_RU 29 34 1 200
