multi_032_094_028_RL 720 738 953 961
multi_020_095_004_LU 748 756 246 254
multi_025_067_032_RU 475 483 466 474
multi_025_076_032_RU 475 483 466 474
multi_327_092_017_LL 914 936 143 167
multi_327_081_017_LL 914 936 143 167
multi_017_086_022_RL 584 594 600 619
multi_325_072_044_RL 290 298 934 942
multi_017_086_022_RL  32  42 213 323
multi_017_097_022_RL  32  42 213 323
multi_013_103_019_LL 147 153 770 776
multi_326_082_034_RU 460 468 441 451
multi_401_013_043_LL 240 250 489 499
multi_401_013_043_LU 437 445 462 470
multi_401_013_043_LL 450 460 525 536
multi_305_034_056_LU 267 273 208 214
multi_406_071_081_LL 913 975 500 547 
multi_323_052_016_LL 80 140  0 350
multi_327_092_017_LL 500 1032 0 200
multi_327_081_017_LL 500 1032 0 200
multi_327_081_017_LU 82 93 351 361
multi_327_092_017_LU 82 93 351 361
multi_427_061_007_RL 480 552 970 1032
multi_323_052_016_LU 113 121 900 912
multi_317_024_038_LU 508 518 1010 1012
multi_017_086_022_LU 0 1012 995 1012
multi_051_105_051_LL 1000 1012 249 259
multi_038_096_014_RU 415 426 1 1032
multi_419_040_046_RL 131 135 630 1036
multi_419_040_046_RL 256 269 590 1036
multi_051_105_051_LU 28   34  882 964
multi_051_105_051_LU 60   69  882 964
multi_304_044_045_LU 25  39   905 914
multi_304_044_045_LU 690 704  435 444
multi_304_044_045_LU 750 759  690 699
multi_304_044_045_RL 710 713   90 100
multi_304_044_045_RL 116 125  720 729
multi_304_044_045_RL 140 149   0  639
multi_305_034_056_LL 470 475  806 809
multi_306_037_057_LU 296 305  0  1036
multi_306_037_057_LU 140 145  0  1036
multi_307_085_076_LU 990 1009 0  1036
multi_308_047_024_LL 0  49   0   180 
multi_308_047_024_LU 0  44  715  1036
multi_311_053_025_LU 140 154  0 1036
multi_313_023_010_LL 825 834 890 929 
multi_313_023_010_LL 140 149  0  1036
multi_316_022_052_RL 20  39  995 1036
multi_317_015_038_RL 355 364 600 609
multi_322_084_062_LL 0   34  395 754
multi_322_084_062_LL 0   74   0  1036
multi_322_084_062_LU 0  34  1005 1036
multi_322_084_062_LU 140 154  0 1036 
multi_324_075_055_LL 265 284 700 804
multi_327_081_017_LU 75  104 875 934
multi_327_081_017_RL 55  64  845 924
multi_327_081_017_RL 195 214 845 924
multi_329_088_029_RL 990 1009 640 704
multi_330_092_075_RL 30 230  990 1014
multi_404_073_071_RL 25  34  990 1036
multi_405_072_060_RL 270 297  0  1036
multi_405_072_060_RU 275 295  0  1036
multi_406_071_081_LL 955 969 535 549 
multi_406_071_081_LL 0   39  0  189  
multi_409_016_036_RL 40  64  0  1036 
multi_410_024_039_LL 40  644 20  44
multi_411_014_077_LL 265 284  0  1036
multi_411_014_077_LL 25  34  0   44  
multi_412_013_043_LL 990 1009 0 1036
multi_413_028_042_LL  30  34  70 84
multi_414_038_035_RL  0  1036 110 119
multi_417_068_016_LL 0  1036  0 200  
multi_416_058_063_RU 0  34    0  49  
multi_418_057_064_RL 795 819 635 1036
multi_418_057_064_RL 35  54  940 1036
multi_419_040_046_LU 25  49  975 1036
multi_421_069_006_LL  0  34   0  79
multi_423_089_066_RU  0  4    0   4
multi_425_049_059_RL 1000 1004 65 69 
multi_012_106_033_RU 24   38  0  1036 
multi_012_106_033_RU 96   105 0  200
multi_012_106_033_RU 240  247 0  180 
multi_017_097_022_LU  0    35 28  34 
multi_327_081_017_LL  0 1036 0 464 
multi_327_081_017_LL  0  50 0 1036
multi_417_068_016_RL  0 40 640 1036
multi_420_030_050_LU 855 869  450 499
multi_303_025_013_RL 26   27  930 944 
multi_309_046_005_LU 31 39 1000 1012
multi_309_046_005_LU 867 872 991 1009
multi_309_046_005_LU 1000 1010 998 1036
multi_025_076_032_LL 0 1036 514 516
multi_038_096_014_RU 993 994 511 512
multi_047_092_075_LU 220 223 985 985
multi_047_092_075_LU 135 139 600 1032
multi_051_105_051_LU 28   34  882 964
multi_306_037_057_LL 295 310 0 1032
multi_327_081_017_LL 240 246 0 1032
multi_327_092_017_LL 240 246 0 1032
multi_327_092_017_LL 0 1032 0 250
multi_327_092_017_LL 26 30 0 1032
multi_327_092_017_LU 75 100 750 1032
multi_401_013_043_LL 180 186 0 1032
multi_401_013_043_RL  362 364 354 355
multi_419_040_046_RU 950 1032 0 1032
multi_419_040_046_RU 0 40 0 1032
multi_419_040_046_RU  433 435 364 365
multi_305_034_056_RL 413 414 505 507
multi_008_093_054_LU 808 809 1000 1032
multi_401_013_043_LL 133 134 542 544
multi_012_106_033_RU 204 211 600 1032
multi_012_106_033_RU 160 175 600 1032
multi_012_106_033_RU 117 129 600 1032
multi_012_106_033_RU 0 475 0 130
multi_407_041_021_RU 122 155 0 1032
multi_307_074_076_LU 985 1012 276 958
multi_013_103_019_LL 33 36 1 150
multi_013_103_019_LU 30 33 850 1032
multi_013_103_019_RL 28 30 850 1032
multi_013_103_019_RU 30 34 1 150
multi_017_097_022_RU 194 205 1 1032
multi_024_083_023_RL 1 1032 1 1032
multi_024_083_023_RU 1 1032 1 1032
multi_038_096_014_RU 424 429 1 100 
multi_047_092_075_RL 1 1032 1000 1032
multi_047_075_075_LU 134 140 800 1032
multi_205_067_058_RL 30 33 850 1032
multi_205_067_058_RU 30 32 1 150
multi_304_044_045_RL 121 125 1 1032
multi_305_045_056_RL 412 416 504 508
multi_309_046_005_RL 198 202 1 1032
multi_311_036_053_RU 470 474 266 270
multi_315_021_073_RU 176 179 1 1032
multi_317_024_039_RL 30 32 830 1032
multi_317_024_039_RU 30 33 1 200
multi_321_026_035_RU 56 59 1 1032
multi_321_042_030_RU 56 59 1 1032
multi_321_026_035_RL 230 234 1 1032
multi_321_042_030_RL 230 234 1 1032
multi_322_063_062_LL 1 32 1 1032
multi_322_063_062_LL 64 68 1 1032
multi_323_052_016_LL 1 123 1 260
multi_323_052_016_RL 27 33 1 300
multi_323_052_016_RU 26 33 750 1032
multi_327_081_017_LL 1 350 1 350
multi_327_081_017_LL 51 55 1 1032
multi_327_092_017_LL 1 350 1 350
multi_327_092_017_LU 193 201 930 1000
multi_328_087_048_LU 30 33 800 1032
multi_418_057_064_RU 1 1032 1 300
multi_419_040_046_RU 431 441 1 220
multi_423_089_066_RL 30 34 800 1032
multi_423_089_066_RU 29 34 1 200
multi_410_015_039_LL 1 600 1 40
multi_047_075_075_RL 1 1032 1000 1032
multi_027_085_001_LU 45 60 1025 1032
multi_313_037_010_LL 825 834 890 929
multi_327_081_017_LU 1 100 1 1032
multi_051_105_051_LL 1005 1032 200 255
multi_327_092_017_LL 1 230 1 350
multi_327_092_017_LL 1 40 350 1032
multi_017_086_022_RU 1 40 1 1032
multi_020_095_004_LU 1 50 1 1032
multi_020_095_004_RL 1 50 1 1032
multi_323_052_016_LU 1 150 690 1032
multi_323_052_016_RU 1 50 800 1032
multi_323_052_016_LU 1000 1032 917 937
multi_425_049_059_RL 950 1032 40 125
multi_027_098_001_LU 860 870 1010 1032
multi_312_045_065_RL 900 910 563 572
multi_312_045_065_RU 639 642 938 942
multi_503_051_079_RU 218 222 235 239 
multi_503_051_079_LU 1 50 950 1032
multi_404_073_071_RL 272 284 810 820
multi_324_075_055_RU 848 851 94 96
multi_425_049_059_LU 85 95 0 1032
multi_503_051_079_RU 30 32 17 35
multi_514_103_019_LL 0 68 0 90
multi_513_105_051_LL 0 225 0 135
multi_041_063_015_LL 0 60 0 1032
multi_417_068_016_RU 25 40 20 130
multi_501_080_012_RU 26 68 330 400
multi_501_080_012_LU 26 68 927 1032
multi_425_049_059_LL 224 226 824 826
multi_312_045_065_RL 900 910 563 572
multi_503_051_079_LU 1 50 950 1032
multi_327_092_017_LU 1 100 1 1032
multi_327_092_017_LU 75 104 875 934
multi_327_081_017_LU 1 100 1 1032
multi_327_081_017_LU 75 104 875 934
multi_327_081_017_LU 110 117 928 939
multi_327_092_017_LU 110 117 928 939
multi_404_073_071_RL 272 275 790 805
multi_038_096_014_LU 998 1002 1 1032
multi_513_105_051_LU 91 98 30 800
multi_304_044_045_RL 545 538  690 765
multi_304_044_045_RL 711 715 80 83
multi_310_033_022_LL 580 586 1 1032
multi_406_071_081_RU 186 190 1 1032
multi_501_080_012_RU 170 190 370 380
multi_327_092_017_LU 1 150 800 1032
multi_327_081_017_LU 1 150 800 1032
multi_322_063_062_LL 1 50 1 1032
multi_013_103_019_RU 187 240 1015 1032
multi_322_084_062_RU 0 103 0 109
multi_013_103_019_RU 58 62 250 1032
multi_017_097_022_LL 870 873 0 80
multi_025_067_032_LL 250 254 60 1032
multi_025_067_032_RU 521 525 362 365
multi_041_063_015_RL 240 246 914 1032
multi_047_075_075_LU 0 66 0 1032
multi_206_060_003_LL 520 528 0 600
multi_310_033_002_LL 580 586 350 1032 
multi_312_045_065_RU 555 558 415 418
multi_319_083_023_RL 454 458 893 895
multi_403_074_070_LU 860 1032 845 880
multi_420_030_050_RL 725 730 0 1032
multi_501_080_012_RU 847 900 374 393
multi_503_051_079_RU 200 210 215 240
multi_503_051_079_LU 0 70 950 1032
multi_505_097_022_LU 900 985 540 610
multi_505_097_022_LU 875 880 989 1032
multi_506_106_033_LL 546 553 0 1032
multi_510_096_014_LU 343 353 700 1032
multi_304_044_045_RL 15 25 720 724