0
20170126003
20170127007
20170202006
20170225011
20170305011
20170306020  
20170306021
20170325006
20170427006
20170603002
20170603003
20170920012
20170921019
20170921024
20171014007
20171020003
20171021010
20171025009
20171110004
20171121009
20171123003
20171123005
20171123007
20171123008
20171222013
20180202005
20180210005
20180211021
20180214010
20180313017
20180316016 
20180514015
20180517015
20180810011
20180814009
20180905024
20181017008
20181017009
20181017010
20181017011
20181112015
20181205012 
20190113017
20190413014
20190605008
20190605010
20190622008
20190808020
20190905013
20190907020
20191004019
20191227028
20200131026
20170222011
20170301007
20170301009
20170628005
20170701008
20170920007
20180214008
20180214009
20180214012
20180420008
20180707007
20181102010
20190106009
20190202013
20191225022
20200225026
20200317014
20171016114
20170322016
20170322015
20170301008
20170130022
20170221013
20170425003
20171015007
20180309004
20180417010
20180508010
20180705006
20180910023
20181003011
20190304017
20190317017
20190625019
20190831007
20191102016
20200223014
20200324021
20200421011
20200619022
20170306022
20170418013
20171112010
20171115014
20171117012
20171123006
20180211019
20180213020
20180321012
20180407002
20180410006
20180419010
20180423015
20180508015
20180514002
20180519016
20180708008
20181004010
20181102011
20181109010
20181112014
20190114018
20190204026
20190209022
20190302019
20190305012
20190305013
20190305015
20190306018
20190306019
20190404017
20190427012
20190429013
20190429014
20190429016
20190529026
20190627013
20190701016
20190727018
20190803028
20190904023
20190905012
20190924014
20190924015
20190928021
20191001010
20191002014
20191029024
20191124018
20191223009
20200106023
20200106024
20200125021
20200202028
20200223017
20200223019
20200228029
20200327013
20200329019
20200329021
20200403021
20200410012
20200420025
20200421017
20200529023
20200223021
20170301016
20170326008
20170418006
20170423009
20170427015
20170617008
20170621007
20170625005
20170627005
20190603006
20190825015
20200118023
20200217022
20200223016
20200401017
20200412020
20200519018
20200619013
20200620019
20200624012
20200619017
20191008018
20191008020
20191008017
20191008019
20210801016
20180309002
20180309003
20200820024
20200824023
20200924014
20200926023
20201012017
20201012018
20201109020
20201113011
20201212030
20201216030
20210309022
20210310015
20210406007
20210415015
20210508002
20210615011
20210731014
20220327018
20200518014
20221122008
20210901007
20210901008
20211003029
20211109013
20211109014
20211125011
20211130012
20211231013
20220128009
20220207014
20220226014
20220228018
20220301016
20220301019
20220302015
20220303022
20220427014
20220505018
20220528015
20220619014
20220622009
20220626020
20220701015
20220808019
20221003022
20221023023
20230116007
20230120012
20230129013
20230314014
20191119018
20201011017
20201014021
20210908017
20211007007
20220702011
20220929016
20170922025
20180421009
20180511015
20230518006
20230615012
20190227016
20190228012
20230518001
20230518005
20230524017
20230528006
20230618016
20230621014
20230621015
20230621017
20230709008
20230713018
20230714011
20230826017
20230821016
20230527002
20220708016
20220708017
20230626016
20231202012
20240205013
20240726008
20240707013
