3012353620
3012366600
3012381269
3012402083
3012404204
3012409368
3012409444
3012410322
3012413496
3012413816
3012421172
3012428511
3012433099
3012437705
3012440563
3012440664
3012499929
3012527032
3012529065
3012533112
3012548509
3012551103
3012607237
3012616522
3012619690
3012624164
3012628246
3012637802
3012647057
3012650761
3012652102
3012697340
3012705280
3012735887
3012738145
3012739445
3012750959
3012760900
3012765187
3012766341
3012794395
3012805471
3012810088
3012851493
3012874655
3012874662
3012894097
3012908457
3012951342
3012951344
3012955145
3012974616
3012982709
3012983603
3012983985
3012988044
3012988059
3013042878
3013046440
3013049756
3013068849
3013087529
3013108516
3013117316
3013130319
3013130320
3013142248
3013142426
3013147458
3013212986
3013214472
3013226156
3013238986
3013253796
3013276242
3013307819
3013344914
3013349407
3013349819
3013378935
3013392176
3013392910
3013394720
3013397984
3013399580
3013414476
3013417078
3013470117
3013472338
3013479281
3013500825
3013504026
3013530415
3013610256
3013624221
3013624509
3013626155
3013649297
3013655825
3013675619
3013706520
3013739560
3013747940
3013756329
3010979350
3010983886
3010984176
3010985150
3010992841
3010997980
3010999047
3011002875
3011012397
3011027793
3011047701
3011063727
3011072498
3011072514
3011076328
3011126014
3011191874
3011253439
3011255013
3011260633
3011260846
3011268753
3011275359
3011275646
3011278475
3011340269
3011352274
3011353644
3011381380
3011387019
3011387582
3011417715
3011421288
3011425659
3011455174
3011455928
3011458358
3011465152
3011476330
3011487161
3011509620
3011527298
3011563225
3011587758
3011587772
3011589658
3011594302
3011653901
3011669157
3011713497
3011727014
3011733470
3011762876
3011768645
3011780847
3011822797
3011828819
3011829860
3011835781
3011851518
3011904053
3011906645
3011909702
3011922261
3011977859
3012000231
3012000847
3012011779
3012011782
3012039496
3012052364
3012054076
3012088094
3012093133
3012094305
3012095828
3012165131
3012213457
3012213856
3012221045
3012251409
3012306337
3012307707
3012314212
3012317638
3012318888
3012319130
3012322424
3012325663
3012327635
3012329929
