3000373760
3000412673
3008494593
3009369092
3000418310
3000364550
3011072520
3000417289
3001552906
3005580299
3000412684
3011072525
3000412685
3003202062
3000420880
3000419849
3000364555
3012755475
3000412691
3000412692
3000341523
3004636686
3000413711
3007072281
3000661525
3000420892
3000373789
3000372252
3000362015
3000372256
3000420898
3007072295
3013265959
3000247853
3000404014
3000661552
3000097333
3000310330
3000329787
3000330813
3000417342
3000330816
3000358978
3000372291
3007734852
3000330830
3006111313
3004590165
3000330838
3012496470
3009688152
3000406106
3000320090
3011479643
3009387611
3009219677
3000307807
3000363615
3011390557
3000307811
3000406116
3010755685
3000363623
3000666727
3000363628
3000826988
3000100460
3000406127
3000307828
3002255476
3000427637
3010627705
3000307833
3003175033
3001641603
3009897610
3000414861
3001170062
3000029838
3000313489
3008012437
3000313498
3000427675
3000369821
3000317597
3000313505
3000414882
3000379042
3000095909
3000379045
3000414888
3010577576
3000715435
3000426668
3004023468
3010539694
3000397485
3000396464
3000375475
3003431092
3000396467
3011712182
3010887864
3000397500
3000375494
3000375496
3000409803
3000416460
3000702158
3000426703
3000702162
3002502357
3011727062
3000409814
3000934617
3000409817
3006205659
3000416476
3000416477
3011662557
3006399709
3000390879
3000344285
3000390882
3000409823
3003425508
3002257119
3011006176
3000408811
3000390891
3010211053
3000361202
3000361203
3000361204
3000308469
3000331509
3000386295
3002434295
3000416505
3000377593
3000335607
3001031929
3000331514
3000335610
3000335613
3000452351
3004385012
3000350978
3007939330
3000390918
3000386315
3000308495
3000398608
3000398612
3000362772
3000308502
3007990039
3000407832
3004175641
3000421658
3000383261
3000361249
3000351011
3000383268
3000305446
3000421671
3010801960
3000421674
3000398635
3000305453
3011076910
3000383277
3000701232
3000398640
3007450926
3000305462
3000394552
3005119804
3010605885
3000394561
3001171271
3000415564
3000415565
3008690510
3000419151
3000395599
3005894994
3000415570
3000206164
3000415572
3000100690
3000410455
3008109912
3011207513
3000100695
3006663515
3000410463
3011276642
3010491238
3000410471
3000395626
3000410476
3000415597
3003302768
3013470066
3010491251
3009410936
3010491260
3000325877
3008491908
3000325878
3000395658
3000385422
3000385423
3000312722
3000410516
3000312728
3000312731
3000834972
3000336797
3000240541
3009481123
3000329123
3009948579
3000333731
3001988523
3007648686
3001125807
3002817968
3013302705
3000388018
3004621746
3000307121
3000388022
3009817527
3000333753
3000336826
3000333754
3010506170
3000333247
3000332224
3000333252
3000333253
3000400839
3000304074
3000388044
3008418255
3000333263
3013357519
3008906707
3011526101
3004651477
3000333274
3000316893
3000400862
3000332253
3000378340
3000333284
3002976742
3012713445
3000378343
3000364516
3000097260
3000364524
3000327150
3000332270
3000333298
3000413682
3004453876
3000418290
3000376310
3008841206
3003499000
3000413691
3000417286
3000421639
3000410502
3000313482
3013461643
3010710028
3000308492
3000336779
3009410956
3000326541
3000418322
3005300754
3013470612
3000398613
3000333722
3011038499
3010951204
3000426661
3000302002
3000365492
3011875894
3009488951
3000372282
3000358973
3000397505
3003489989
3010099654
3000307141
3003733576
3000696776
3000409809
3009505881
3000404058
3008499931
3003864410
3011705818
3000316131
3000346473
3000406123
3010990956
3011658477
3003378798
3010211057
3000386291
3000408822
3000308473
3000637308
3003431038
3000374790
3000336799
3000416489
3000421641
3000391915
3000378326
3000418297
3003356319
3000934592
3010290595
3010139653
3012808165
3010114312
3011539144
3006973513
3010095081
3010501867
3011511278
3006306799
3009485360
3008607024
3000712058
3010215996
3009715133
