3009216002
3011871747
3011639298
3011639301
3010593798
3010987016
3011824136
3010593808
3010965008
3011492882
3003628052
3010590740
3010596372
3009183767
3010734102
3011824150
3010590750
3010590751
3010580511
3009369121
3010593826
3010590755
3010596387
3011611684
3010607142
3011672103
3009377320
3011546155
3011479597
3009363502
3011546157
3011546159
3010954801
3011229745
3010607155
3009377332
3009462836
3010590773
3010596404
3010951221
3011148344
3011672113
3013483575
3010530365
3009786432
3010530371
3010530377
3009363534
3010530386
3000363603
3009478230
3000206938
3011563610
3010543708
3010850398
3010556517
3010032742
3013835883
3002872947
3011541627
3011541628
3009387644
3011541630
3001792644
3010354821
3010599559
3011531912
3011782792
3009387659
3003425421
3011620496
3000317587
3009387670
3011536026
3011423899
3011773600
3009280675
3011672109
3011045029
3009345702
3011407018
3011045036
3010577581
3010573486
3010610349
3010961585
3011045043
3010573494
3011241142
3011536054
3011712183
3011712189
3011712194
3005915844
3011712200
3009482954
3011662538
3009394895
3009394896
3011832016
3011662547
3010627799
3009394904
3011662552
3000327900
3010918109
3011489501
3011539168
3011054817
3010513124
3010206950
3010563304
3000867050
3011054826
3009391344
3000325873
3000416497
3011054832
3010563317
3011828469
3010982647
3010973947
3010603774
3010973957
3011119878
3010563336
3009342217
3010825482
3010997513
3010603790
3010603792
3010603794
3000605977
3010997529
3011653916
3010603805
3011689246
3009300255
3013469473
3010624802
3010624803
3010245413
3011201317
3010854695
3011233575
3011689254
3011689257
3009458479
3011819824
3003915569
3009453876
3009468214
3009468215
3009458488
3011819833
3008497978
3009458491
3010200379
3010979132
3011577148
3011709243
3011370306
3010200392
3009373001
3010638153
3009453900
3010638156
3009474382
3009453903
3010200400
3010638160
3011709262
3009474387
3011709265
3011819862
3010525017
3011186522
3010539872
3010539876
3010539878
3009334119
3011068264
3011281771
3011225966
3011504494
3011778414
3010539890
3009334131
3009410933
3003584888
3010621304
3010621305
3013490558
3010958212
3009410953
3008491914
3011525002
3011778441
3011525005
3009410958
3013341071
3002705297
3010709907
3009331095
3000702362
3011778460
3011041695
3009410978
3011112868
3009588137
3013369257
3011553707
3011768747
3008416685
3011811764
3010631607
3011811769
3011811770
3010452419
3009713604
3011513801
3011811790
3011811794
3011496404
3010314197
3011550165
3000571864
3011513822
3000370659
3011355620
3003628006
3009743846
3011513832
3011615718
3011355626
3011615719
3009751020
3011116537
3000364540
3010987001
3012810251
3002054156
3007845904
3011651093
3010049048
3000029733
3000581670
3003377195
3003817522
3002519618
3001641541
3007999557
3001644111
3012147796
3010147414
3010185820
3009505886
3010782827
3000264832
3002578569
3010345113
3007838873
3010749083
3011302557
3007833248
3001290404
3003888807
3003965609
3000096425
3001362093
3003793583
3011359408
3003875510
3002836664
3003425469
3003866301
3000669389
3003534543
3009294037
3008393944
3000102107
3000987357
3003860192
3002708194
3003854570
3001958131
3003374344
3006234378
3011759898
3000692510
3011563807
3001163552
3009168675
3003278628
3003914542
3003423537
3003817781
3010458949
3001568588
3011405134
3011207505
3001025365
3000577365
3000547157
3000932705
3006435693
3012915576
3001017211
3000821631
3006269824
3000821644
3007411088
3000363931
3002507164
3009410981
3002581419
3001171375
3008004541
3013437886
3007833022
3000713158
3006844874
3005647308
3003871180
3011030996
3003821015
3000701400
3003493348
3003860972
3000030196
3000109058
3000714243
3008494596
3012582402
3012409355
3013265931
3010049037
3003506704
3007646741
3006221335
3001864731
3001478686
3003566111
3001293344
3001856544
3006350881
3000676388
3000694820
3000823847
3000501288
3000658473
3002502187
3002836524
3000661550
3000100409
3003372093
3001856579
3008690244
3001219652
3000098888
3000832075
3000713293
3001219668
3001170006
3000389206
3001219676
3005652061
3001219679
3001219682
3000099428
3000661604
3003456102
3000241254
3007845994
3000099435
3000548461
3000098926
3000692335
3000205937
3007826546
3007079025
3001486964
3002257020
3001641597
3008580222
3004518534
3003444873
3000661642
3001397390
3000095375
3007846032
3000841875
3010273945
3013368987
3005920923
3007651997
3009476252
3000452257
3000025256
3000097966
3007508142
3012366513
3005537458
3000875188
3007838902
3000100537
3000100538
3003516603
3000547005
3000893117
3000660162
3002847939
3000547011
3010707139
3010538696
3003372233
3003372235
3007838929
3003425489
3001170131
3000661717
3000206042
3000437978
3006354140
3002257118
3000100578
3000547042
3010707171
3000098533
3000623337
3008686826
3000547050
3000828140
3000102124
3001913070
3004329711
3003374320
3006545139
3007003382
3000702198
3011420925
3000452352
3001228033
3003427586
3011420929
3003383040
3003372296
3006942473
3011757323
3010997517
3013571345
3000830741
3000548629
3010854683
3000689436
3003425564
3000100637
3006472482
3001171238
3007832872
3008618282
3013455658
3011709229
3000028462
3000858927
3001163568
3003100465
3003501366
3001170231
3000714550
3001170233
3009535286
3001170235
3001643837
3001643838
3011754815
3000702269
3001397055
3007682886
3001171270
3000049481
3001397578
3008922448
3001219409
3008980817
3013414742
3011027813
3003837286
3013326696
3000702313
3006212971
3008244589
3003837294
3005887344
3001297778
3007982963
3010507127
3000540023
3007012218
3000100219
3000547199
3000547201
3000968582
3000547209
3000389002
3001171342
3000661391
3000661393
3002167699
3000029077
3003450776
3011350947
3008264612
3003235747
3008633254
3005915048
3001171369
3008416683
3001171376
3001988529
3000050098
3007015347
3000675251
3003479474
3001988534
3000389047
3006938552
3000444345
3002255288
3002255289
3003374013
3011526080
3013398977
3003371970
3002255297
3000547269
3006994375
3000661448
3000410569
3000702409
3001171401
3001646540
3000096722
3009595865
3007833053
3000701410
3003493351
3010440680
3000769513
3003789805
3011644915
3007078394
3000824829
3000096767
3000447490
3002070795
3003372301
3000701837
3000389263
3000029074
3010607637
3000672281
3011430297
3002263196
3002730912
3000661538
3011712547
3003374243
3000731053
3000715321
3000853307
3006095932
3002602049
3005641926
3006429901
3000640596
3001988565
3010140762
3003612522
3000893035
3000430061
3000571760
3000445684
3001219702
3013305590
3001111295
3011516097
3010997507
3009783139
3011778442
3010944077
3009535341
3001212303
3009410930
3010413587
3011824148
3011773588
3011644213
3011875896
3013279641
3010954810
3010610367
3000702364
3003516590
3010744384
