3000386532
3001240518
3001242664
3001297306
3001327375
3001347180
3001386420
3001405011
3001513541
3001787777
3001820009
3001823444
3002146599
3002199117
3002314215
3002458563
3002466794
3002513288
3002556104
3002607545
3002676900
3002737079
3002746083
3002748842
3002817915
3002986010
3003368711
3003405336
3003420360
3003420369
3003423292
3003423304
3003427321
3003429371
3003430956
3003432387
3003435499
3003435500
3003440087
3003461306
3003474874
3003477107
3003477125
3003484244
3003496635
3003496639
3003496654
3003499002
3003527614
3003532213
3003557877
3003592859
3003595409
3003595417
3003631531
3003634788
3003637251
3003667429
3003670362
3003673056
3003710080
3003715937
3003725084
3003732894
3003735258
3003747275
3003764225
3003767981
3003776756
3003776760
3003779203
3003783981
3003789101
3003802282
3003807384
3003820046
3003822682
3003822691
3003828425
3003830922
3003833711
3003833712
3003833714
3003833780
3003839688
3003850200
3003857556
3003874520
3003878884
3003903403
3003935489
3003935508
3003986819
3004081437
3004091002
3004100970
3004124891
3004154816
3004177272
3004199879
3004240357
3004243280
3004249982
3004271974
3004275895
3004279101
3004287506
3004313698
3004324131
3004374407
3004432683
3004522039
3004540926
3004605965
3004753279
3004839397
3004906870
3004913080
3004926569
3004934847
3004944541
3004959198
3004969601
3005046215
3005197478
3005274487
3005378523
3005496187
3005502990
3005543213
3005611414
3005667252
3005740489
3005776465
3005818961
3005954788
3006122467
3006131931
3006178217
3006191890
3006238413
3006302406
3006302407
3006306776
3006318758
3006348852
3006351965
3006352018
3006395635
3006407242
3006410462
3006437840
3006468005
3006477229
3006510106
3006608846
3006651019
3006654559
3006747995
3006763888
3006789151
3006819372
3006857366
3006872932
3006889254
3006911862
3006931926
3006953642
3006969653
3006996781
3007026459
3007052983
3007114765
3007128874
3007152832
3007191410
3007201887
3007245900
3007251263
3007265123
3007293226
3007315508
3007320087
3007338414
3007343031
3007366115
3007370743
3007370747
3007387466
3007387483
3007451617
3007523705
3007542378
3007605479
3007685276
3007698690
3007737236
3007811452
3007853788
3007865776
3007902364
3007915323
3007925826
3007955812
3008001815
3008006919
3008056494
3008109766
3008118159
3008140066
3008162158
3008196092
3008206173
3008298170
3008931294
3008979063
3009027420
3009058880
3009103296
3009115640
3009126229
3009193625
3009213773
3009356797
3009361577
3009389707
3009466518
3009481082
3009490165
3009509505
3009521696
3009631778
3009671133
3009678945
3009732196
3009735194
3009792066
3009808076
3009872392
3009894510
3009897582
3009955220
3010003467
3010015927
3010020412
3010021896
3010022747
3010029268
3010031147
3010046369
3010046370
3010058789
3010088043
3010088088
3010117451
3010120974
3010139651
3010155449
3010168008
3010193961
3010195549
3010212857
3010219420
3010223591
3010235373
3010327240
3010404071
3010418684
3010441939
3010446993
3010449067
3010481643
3010532864
3010602436
3010633207
3010711220
3010763442
3010825360
3011768575
3011768581
3011933607
3012803140
3013305604
3013361060
3013402975
3013431697
3013434719
3013582627
3013601085
3013830389
3009294028
3009320623
3002998452
3009320624
3009331049
3009331050
3009331056
3009331067
3009331072
3009331086
3009331088
3009334125
3009338777
3009338785
3009345696
3009345697
3009345700
3009354253
3009354271
3009354272
3009354275
3009354278
3009358836
3009358839
3009358847
3009358857
3009358860
3009363501
3009363508
3009363525
3009363533
3009369104
3009369107
3009369112
3009373016
3009373018
3009373023
3009377316
3009377319
3009377330
3009377334
3009387620
3009387626
3009387637
3009387657
3009391343
3009391348
3009391364
3009391380
3009394902
3009394903
3009410937
3009410950
3009410952
3009410954
3009410955
3009413711
3009413713
3009413720
3009420203
3009420205
3009423221
3009425779
3009428697
3009428698
3009443748
3009448740
3009448744
3009458482
3009458484
3009458485
3009458497
3009468177
3009468185
3009468197
3009468216
3009468228
3009468238
3009468240
3009468241
3009474371
3009474380
3009478228
3009478233
3009482948
3009482949
3009482958
3009578875
3009716067
3009716069
3009786423
3010038338
3010046613
3010093027
3010096170
3010108856
3010112239
3010200377
3010200378
3010200385
3010203728
3010221684
3010231052
3010231058
3010313573
3010411007
3010411018
3010435514
3010445965
3010458948
3010462552
3010478648
3010513149
3010516509
3010516525
3010516526
3010516544
3010520317
3010520328
3010520332
3010525011
3010525021
3010525024
3010530363
3010530366
3010530368
3010530372
3010534965
3010534981
3010539865
3010547827
3010547832
3010547840
3010547844
3010551510
3010556521
3010556534
3010556536
3010563319
3010563321
3010573464
3010573483
3010573488
3010573505
3010577572
3010577573
3010580500
3010580508
3010580514
3010585416
3010585423
3010585426
3010585428
3010590745
3010590749
3010590759
3010590784
3010593792
3010596373
3010596380
3010596381
3010596383
3010596386
3010603743
3010603777
3010603816
3010607159
3010610354
3010610358
3010610374
3010610376
3010610381
3010610389
3010614875
3010614882
3010618001
3010624815
3010627804
3010627811
3010631199
3010634597
3010638149
3010646082
3010646122
3010650240
3010650261
3010760653
3010822138
3010854691
3010874121
3010874125
3010877889
3010951231
3010954804
3010958204
3010958205
3010958206
3010965010
3010969307
3010986997
3010987002
3010987005
3010987015
3010987018
3010990955
3010994549
3010997525
3011000742
3011006181
3011018416
3011023049
3011023051
3011023052
3011023054
3011038502
3011045031
3011054811
3011060084
3011060094
3011060107
3011065036
3011068243
3011068246
3011072527
3011072530
3011076915
3011080988
3011080993
3011085391
3011119875
3011130578
3011148331
3011155758
3011186524
3011186527
3011190810
3011201300
3011201326
3011220999
3011221009
3011229746
3011355622
3011355631
3011410087
3011410097
3011479614
3011489490
3011489500
3011492890
3011499620
3011499631
3011511256
3011511274
3011511282
3011513817
3011513846
3011516072
3011516112
3011516117
3011520408
3011525009
3011525026
3011531887
3011531906
3011536037
3011536045
3011539182
3011539186
3011541633
3011550164
3011550167
3011550173
3011550174
3011550176
3011553708
3011553729
3011558322
3011558323
3011558330
3011558334
3011558341
3011563603
3011563614
3011563617
3011577136
3011587786
3011587817
3011592451
3011592453
3011592461
3011592474
3011592478
3011597971
3011607945
3011611674
3011644257
3011648917
3011653913
3011662539
3011662562
3011689260
3011705824
3011705841
3011709238
3011709244
3011709274
3011712179
3011768741
3011768750
3011773577
3011773601
3011778425
3011778430
3011778456
3011782810
3011782825
3011782844
3011782870
3011819822
3011819829
3011828488
3011832018
3011871733
3011871741
3011871750
3011871753
3011871758
3011875883
3001305105
3001335514
3001341585
3001352692
3001356358
3001361392
3001363115
3010179674
3010650181
3010997403
3011782768
3011875737
3000007029
3000020485
3000027473
3000028751
3000029498
3000029730
3000035987
3000071664
3000079880
3000082329
3000082349
3000096745
3000098436
3000098500
3000098743
3000100410
3000100656
3000110277
3000115667
3000116187
3000117382
3000205905
3000205980
3000209538
3000242379
3000244182
3000246294
3000262685
3000263218
3000271976
3000295991
3000300883
3000307089
3000307105
3000308459
3000308460
3000308461
3000308487
3000308493
3000310335
3000314189
3000314223
3000314522
3000316127
3000318188
3000320068
3000325868
3000326523
3000327121
3000329782
3000330835
3000332260
3000333328
3000333727
3000339935
3000342058
3000346462
3000348750
3000350967
3000362791
3000364103
3000364537
3000364562
3000365519
3000371468
3000372248
3000373124
3000373756
3000373769
3000374794
3000375485
3000376260
3000378321
3000378323
3000382316
3000383252
3000383280
3000387189
3000388033
3000388043
3000389220
3000390876
3000390906
3000390929
3000391224
3000391916
3000391929
3000391938
3000394570
3000395605
3000396441
3000396482
3000404521
3000406102
3000406112
3000406125
3000406143
3000406880
3000406891
3000407814
3000407825
3000407839
3000408816
3000408831
3000408832
3000410402
3000410462
3000412679
3000412681
3000413676
3000413679
3000413689
3000414863
3000415583
3000417290
3000418288
3000418308
3000419126
3000419875
3000419877
3000419885
3000420851
3000420871
3000420873
3000420883
3000420891
3000421666
3000426663
3000426674
3000427632
3000427640
3000427650
3000427663
3000428681
3000429970
3000446468
3000452354
3000453023
3000453846
3000454850
3000459961
3000464290
3000487560
3000487583
3000547043
3000547145
3000549979
3000554543
3000571838
3000572934
3000574680
3000600682
3000606236
3000637326
3000642053
3000659249
3000660157
3000662593
3000671525
3000673077
3000678515
3000688120
3000701227
3000701244
3000701382
3000701393
3000701405
3000701796
3000702354
3000702370
3000702381
3000713303
3000713346
3000714309
3000717570
3000730579
3000747966
3000755484
3000762834
3000765331
3000774092
3000782479
3000793819
3000823834
3000839973
3000843354
3000853290
3000854427
3000859180
3000864822
3000876515
3000876533
3000876553
3000893409
3000906517
3000907992
3000921431
3000966929
3000968950
3000978550
3000980067
3000982407
3000983607
3000991256
3000993973
3000993977
3000996218
3000997760
3000997801
3001005858
3001018972
3001020627
3001020646
3001022348
3001024138
3001034702
3001039968
3001043378
3001043413
3001048465
3001051891
3001058851
3001069829
3001072728
3001077545
3001081197
3001082941
3001093167
3001094728
3001097639
3001100648
3001100654
3001105321
3001109030
3001110678
3001110689
3001170230
3001170232
3001171221
3001171402
3001225877
3001307444
3001397236
3001641655
3001643883
3001988596
3002029820
3002044327
3002060120
3002067093
3002084776
3002094478
3002255287
3002257016
3002257114
3002736745
3002851484
3003197512
3003372258
3003372261
3003374045
3003374163
3003377067
3003394873
3003414529
3003425414
3003425488
3003425494
3003425594
3003425595
3003429360
3003433794
3003435508
3003438416
3003440083
3003442122
3003442132
3003444871
3003447740
3003453870
3003456107
3003461307
3003461315
3003467554
3003474870
3003474876
3003477126
3003482225
3003484241
3003484245
3003484249
3003489991
3003493343
3003493349
3003499018
3003501372
3003506702
3003634793
3003871159
3004674929
3004677840
3004677853
3004677863
3004679786
3004681518
3004681530
3004691602
3004720190
3004728377
3004753540
3004753897
3005079338
3005401372
3005754653
3006198345
3006198403
3006269730
3006350886
3007010040
3007826443
3007982972
3008446977
3008505963
3008620699
3008699439
3008703215
3008703228
3008703247
3008707820
3008707842
3008707854
3008707861
3008716383
3008720645
3008739514
3008739523
3008774869
3008774871
3008774880
3008774883
3008774896
3008774913
3008774937
3008778433
3008778436
3008778457
3008778462
3008778492
3008786353
3008786360
3008786408
3008811227
3008811260
3008811262
3008811292
3008824933
3008824972
3008833548
3008837665
3008837695
3008837728
3008866410
3008866465
3008866507
3008866603
3008871310
3008871311
3008885420
3008885458
3008889381
3008889391
3008893104
3008910291
3008930950
3008961305
3008961319
3008964978
3008964995
3008965003
3008965027
3008969718
3008969804
3008973883
3008973907
3008973912
3008973934
3008973937
3008973941
3008973946
3009052769
3009058802
3009109904
3009109908
3009126164
3009144720
3009284057
3009340982
3009384435
3009447519
3009470657
3009478243
3009499437
3009578879
3009782465
3009905343
3009905344
3009914823
3009916506
3009992505
3010139641
3010172153
3010179797
3010411462
3010431414
3010441905
3010538700
3010547826
3010577961
3010589362
3010589367
3010589373
3010589376
3010596382
3010634569
3010638101
3010707174
3010707210
3010710001
3010710024
3010742842
3010742846
3010742853
3010744218
3010749108
3010818005
3010822131
3010886618
3010973946
3011018896
3011044902
3011072533
3011119469
3011119859
3011201286
3011205128
3011251083
3011253439
3011274774
3011393252
3011424745
3011496397
3011504488
3011527693
3011536028
3011539196
3011563605
3011577154
3011712174
3011773552
3012155107
3012821944
3012822004
3012830436
3012830511
3012830545
3012830562
3013107370
3013148334
3013250797
3013266171
3013271169
3013271210
3013272295
3013289650
3013305610
3013335507
3013341105
3013341125
3013354371
3013375505
3013392176
3013397886
3013402985
3013427441
3013427453
3013437924
3013461894
3013465362
3013465389
3013469406
3013469437
3013478408
3013483593
3013503024
3013503043
3013508081
3013530623
3013537591
3013575850
3013595240
3013841606
