20170322010  1  -0.270437067      43.0805047
20171026014  1   0.283775515     -5.84506672
20171118003  1  0.0546488774    -0.339428705
20171221003  1   -1.59262982      30.6084374
20180408006  1  -0.241477512      99.6447226
20180411004  1    2.34020879     -382.009543
20180414011  1   0.522240062     -55.5003423
20180515010  1  -0.706872989      186.699539
20180517021  1  -0.823918862      244.973754
20180612018  1   -21.8049799      4676.38123
20180613021  1     0.1094967      26.6955438
20180805009  1   0.108829014      37.1081582
20180820022  1     0.1209678     -4.18648535
20180914016  1    2.80886183     -89.9607066
20180915023  1  -0.489448071      18.1374097
20180915023  1   -23.2478257      849.052259
20181107008  1  -0.523450561      4.39706137
20181119016  1   0.989948352     -146.501513
20181119016  1   0.989948352     -146.509513
20181130014  1   0.310332888     -8.49925749
20181130017  1   0.305015236     -2.94043887
20181202019  1   0.265594192     -3.39444632
20181203015  1   0.362151212     -11.1954475
20181205019  1    2.74184191     -97.8497253
20181205019  1  0.0938386804     -3.17509813
20181205026  1  -0.801091564      180.885237
20181228011  1    14.1777809     -481.943454
20181228011  1   -2.11076961      72.6151518
20190105011  1  -0.817411024      9.26185356
20190118014  1   -0.69558334      206.951616
20190124023  1   -5.59552878      204.310056
20190207021  1    0.29101907     -6.54005087
20190301026  1    2.79908157     -553.596514
20190301026  1  -0.441960259      147.436337
20190301027  1   0.764680515     -119.134984
20190316021  1   0.521609674     -48.8317739
20190316022  1   -16.3355204        3282.537
20190401017  2    0.63500751     -51.8091506
20190403020  1  -0.727193944      184.236579
20190407022  1  -0.419008438      130.918357
20190409015  3    0.75214267     -111.659513
20190409028  1   0.454641727      -46.612815
20190410019  1  -0.370150871      112.839763
20190414009  1    1.48227736     -263.569527
20190414011  1   -1.68175998      428.990185
20190425006  1  -0.202284701      94.0857692
20190428019  1   -1.29757839      318.340864
20190501029  1  -0.215402562      124.324082
20190505030  1    1.14481796     -209.132781
20190524018  1    1.12036828     -146.917911
20190528016  1   -14.9802149       2806.0637
20190621013  1   -2.68452345       577.76503
20190701017  1   -2.62586703      603.532329
20190726014  1   -1.88558563      478.107868
20190731013  1  -0.959893372      263.315324
20190731019  1  -0.407012785      175.067809
20190810014  1   0.523044136     -4.25557235
20190811021  1  -0.536448519      19.8054098
20190829005  1    0.61715817     -13.0672104
20190829005  1   0.288588063     -5.82297944
20190831011  1  0.0350993911     -1.03898131
20190903025  1  0.0382812744     -1.07072291
20190904016  1    0.26382054     -1.87252971
20191027020  1  0.0513208346     -1.42793189
20191028019  1  0.0639697108     -1.62929921
20191104016  1  0.00698022693    -0.622051593
20191117013  1   0.286408679     -4.97254189
20191119015  1   0.107785344     -1.23072643
20191122014  1    0.28414659     -2.52694529
20191124013  1   0.284394877     -2.91059704
20191124020  1  0.0553327901     -1.42417905
20191125027  1    25.3237075     -4266.63193
20191202020  1    0.24510305      -6.5942084
20191222016  1    0.36866415     -13.5558219
20191230031  1   -1.24707451      297.955339
20191230032  1   -1.03254667      259.737118
20200104026  1  -0.398430963      119.200871
20200118009  1    -0.8740001      21.6837857
20200118009  1   0.293963982     -7.52183916
20200118009  1    1.22423845        -30.9333
20200127027  1  -0.742761999      196.177536
20200130018  1  -0.573579025      168.391485
20200223018  1   -1.28400929      301.145474
20200226021  1   -2.67158883      654.496382
20200226025  1     1.5623978     -220.397524
20200325020  1   -1.22631585       278.65843
20200325022  1  -0.108501199      72.1901932
20200325029  1   0.805048404     -83.8436452
20200329020  1  -0.805601255      186.780149
20200401016  1   0.382461233     -21.0031327
20200412016  1    1.32650625     -187.625453
20200414023  1    -1.3476384      367.013245
20200414023  1    0.26970729     -8.55740839
20200416012  1  -0.374925508      129.544295
20200419019  1   0.337075339     -17.4927895
20200420015  1    -17.439642      3413.96328
20200423031  1  -0.818524684      230.830065
20200424024  1  0.0490308198      46.2678401
20200513014  1    5.27328648     -1080.46067
20200518016  1   0.599890761     -56.8073253
20200519006  1  -0.572061504      190.713075
20200521014  1   -1.17996477      333.979762
20200521018  1  -0.670135006      184.344636
20200523028  1   -1.28545436      365.314895
20200524015  1    7.89600586     -1773.60391
20200524027  1    1.24673016     -244.458573
20200610014  1   -2.50969669      511.581164
20200617014  1  -0.195884348      90.0324797
20200617014  1  -0.297924526      108.596321
20200620018  1    3.92658042     -863.136848
20200812016  1  -0.130228937      102.773402
20200819023  1   0.273445521      -4.1134863
20200821020  1   0.255821953    -0.911944967
20200825020  1  -0.194502052        3.629455
20200826022  1   0.112894788      -2.2291257
20200826023  1  -0.286602883       7.9531236
20200827018  1  -0.093058176      3.49997078
20200916020  1   0.299289297     -4.69300312
20200918012  1    -2.1091407      564.245673
20200923014  1   -2.11712843      34.0434988
20200924015  1    1.72584776      -36.121373
20200925018  1     2.8728758     -87.1046683
20200925023  1   0.278422713     -6.79373147
20201014018  1   0.386363837     -5.42677947
20201014025  1  -0.000484338382     -5.09673806
20201014025  1  0.000954386602      -5.1736089
20201018025  1  0.0654549875     -3.15793549
20201020016  1  -0.000503562083     -5.11284355
20201020016  1  0.000790838949     -5.16261704
20201111019  1   0.269730646      -11.421247
20201111021  1  -2.3253035e-05     -5.14025286
20201111022  1   0.283869366     -5.28719022
20201113018  1   0.131195569     -2.42008404
20201113020  1  -0.033829974      2.63905687
20201114012  1  -0.217634207      3.22735325
20201115013  1  0.0668306195     -2.25374764
20201117021  1  -0.0244991553    -0.266378913
20201118012  1  0.0686183188     -2.28038353
20201118015  1  -0.268844558      5.44525357
20201212028  1  -0.437946078      68.4758737
20201213015  1   0.217729442     -2.34062591
20201214008  1  -0.0081357641      1.63065749
20201214025  1   0.505736986     -40.0275221
20201216027  1   -1.01089018        226.7429
20201219026  1  -0.159054032      85.7271261
20210108011  1   -2.62163868      33.8549091
20210113030  1  -0.0982359239      17.5855547
20210117027  1  -0.0869234018      15.8397383
20210123028  1    2.30020061     -480.348729
20210125013  1    2.04626235      -436.41009
20210209022  1  0.00479798721      1.24353379
20210209027  1    1.21375344     -234.685548
20210209028  1  0.0721080085      35.3951785
20210303016  1  -0.0390773153       8.1206146
20210304018  1  -0.278283649      43.3342091
20210306018  1  -0.261991037      41.9536867
20210308015  1   -1.20300901      275.355006
20210315017  1   0.311183989     -5.94556841
20210318013  1   -1.10413724      265.307896
20210409008  1    1.56628041     -226.668391
20210411028  1   0.844949942     -120.280791
20210413014  1  -0.162042965       87.493302
20210502012  1    3.65520361     -682.081051
20210502013  1    1.12819771     -180.637751
20210508009  1   0.225457547      5.25907951
20210518020  1  -0.361697583      164.643939
20210608011  1   0.422572112     -36.4434692
20210616017  1  0.0393111465      56.7693894
20210616018  1    2.04952815     -483.351041
20210616021  1  -0.162568689      111.310812
20210708011  1   0.366633152     -30.9965455
20210710009  1    5.54146287     -1109.18491
20210730015  1  -0.920905148      263.245372
20210730017  1   -2.59044496      677.594722
20210807013  1  -0.893049549      257.458946
20210807024  1    4.32485555     -68.4207875
20210808013  1   -3.10801024      781.116765
20210810024  1    3.69833543     -100.998532
20210904012  1    2.06935922     -457.062947
20210904012  1  -0.967786851      284.414078
20210904012  1   -1.82613199      493.558797
20210904017  2   0.114618392    -0.508340912
20210907024  1  0.0889503428    -0.0705704247
20210908022  3   0.264989248     -9.09663125
20210909022  1   0.435370618     -3.39782554
20210909026  2  0.0927246386     -4.29609954
20210909027  1   0.300336692     -2.20041739
20210910020  3   0.279064713     -4.60554741
20210910021  1   0.275239788      -5.5891629
20210910022  2    0.28049178     -7.66613523
20210913026  2   -1.59205164      41.4300508
20210914014  3  0.0388916103      1.44412398
20210914017  1  -0.0660998214      3.49729806
20210914022  3  -0.0502075708      1.28531231
20210915014  2  0.0726668815    -0.361328939
20210915015  1   0.277718593     -5.80719539
20210915017  2    0.17967579     -7.68438439
20210916013  1  -0.114059468    -0.114881706
20210918020  1  0.0453817372    -0.270422208
20211003028  1   0.283499092     -3.66387002
20211029012  2   0.287150094     -4.76691443
20211029014  3   0.270309356     -7.58624153
20211030016  3   0.243639141     -11.2793968
20211101014  3   0.290914046     -6.41965297
20211101016  2    3.31498034       -37.32965
20211105014  2  0.0617068423     -2.79619338
20211106018  1  -0.202699829      4.70093144
20211107017  1  -0.403356655      15.7408075
20211107021  1  -0.0198069424      1.39499417
20211107021  1  -0.0234570362       1.4638945
20211107023  2  -0.0286336652      2.14908365
20211109011  1  -0.707368069      8.07422074
20211113024  3   -2.58340747      470.419065
20211129008  1   -63.2433871      737.225667
20211129009  2   0.261750108     -2.07783513
20211129010  2   0.286755459     -4.47437843
20211201008  3   0.287661812     -5.23727299
20211201009  1  0.0493623576     -2.63372353
20211201010  3   0.254219637     -9.16368708
20211202012  3   0.351817689     -10.8165366
20211202015  2  -0.639624749      13.3131395
20211203015  1    2.96896597     -30.2571073
20211204010  1   0.289908397     -4.47760116
20211204012  3  0.0668142131     -1.03731773
20211204015  2   0.500777449     -12.1164384
20211204027  2   0.810088339     -87.8956746
20211204031  2    3.01396174     -495.527476
20211206013  1   0.241710274     -1.49124549
20211206016  1  0.0282115395     0.393818744
20211214026  1  -0.448624101      138.135325
20211223010  1   0.056206217     -2.82800002
20211224010  1    -0.0492523     0.837658899
20211227013  3   0.256403897     -9.69529412
20211231011  1  0.0535643229     -2.79443102
20211231012  2  -0.325720502      7.56843091
20220103027  2   -1.64986175       413.05801
20220104011  3  -0.430389805      13.9813588
20220105025  3  0.0257645267     -1.95086039
20220107024  1   0.871076318     -140.716754
20220113023  2  0.0118303686     0.255625997
20220123008  2   -21.6481858      644.269279
20220127006  3   -2.46908353      82.4791047
20220205018  1   0.734952374     -71.8128407
20220208029  1    1.94972389     -418.872969
20220209024  1     1.0117563     -188.061981
20220209025  3  -0.532809334      181.246184
20220210028  2     4.3567402     -723.897237
20220302014  1     0.1522949      23.5223734
20220303018  1  -0.253006018      40.5671137
20220303031  2   0.298333208     -2.50620455
20220305012  3    0.74927514     -75.1874742
20220305025  3   0.514060792     -45.0012016
20220306014  2  -0.241124426      38.7130461
20220308020  1     1.6831526     -282.163101
20220312011  2    8.12693821     -1560.73701
20220325013  2  0.0144579905     0.016976958
20220327010  1    1.28225321     -168.287636
20220327015  2    2.21766847     -399.438951
20220328029  3   -2.26943965      506.359073
20220401010  1      1.234818     -197.200701
20220401011  2  0.0435439095       43.583538
20220402006  2   -1.19151032      252.515715
20220402006  2   -1.21707768      256.501847
20220402012  3  -0.734790041      211.157143
20220405017  1  -0.119781023      74.6271673
20220408023  2  -0.218411357      99.8219793
20220409020  2    2.42628068     -405.714307
20220421011  1  -0.423861821       65.961151
20220424013  3  -0.214806358      34.5370959
20220429006  1   -1.00252689      253.615052
20220429007  3    -0.2940902      46.5404683
20220430008  1    8.59493275     -1670.45671
20220430022  2    1.12295173     -187.577818
20220501013  3   0.245491368      2.64201349
20220501015  3   -3.35701424      776.244833
20220502012  3  -0.681832253      196.687193
20220502024  2   -1.82865398      471.979964
20220503018  3  -0.027216406      4.17270183
20220503022  2  -0.220895263      96.0281997
20220504012  2   -2.56866372      594.940091
20220505013  1   -1.53590239      302.655804
20220506020  1   0.900502482     -144.717627
20220507017  2   -13.6970809      2953.19028
20220509019  3  -0.918460864      311.747754
20220520009  2  -0.913278242      207.904359
20220521013  2    1.47494813      -297.40987
20220521015  1   -2.97605617      587.588113
20220521019  2    0.96247088     -136.210015
20220524006  2   -1.76448451       395.97783
20220524008  2   0.582710024     -69.3983506
20220526014  1   -1.05512286      256.661363
20220526014  1    1.04700864     -152.188328
20220527017  1   -1.88268534      420.533608
20220528020  1   0.287214866     -12.1867367
20220529015  1     4.7609417     -966.350156
20220529017  3   0.585814727     -94.0217979
20220530018  2   -2.73298138      611.988894
20220531019  3  -0.184238822      92.7425022
20220601016  3   0.655463692     -112.805769
20220618010  1   -3.04451839      679.738471
20220620015  2   -1.04753982      263.612955
20220622007  3    0.60147628     -62.9732228
20220623006  1   -2.10204067      446.113053
20220623011  2   -2.44470618       581.28679
20220623011  2   -1.79225274      439.285983
20220624016  1   -1.40508767      384.407225
20220625007  1    1.60330999     -255.661149
20220625011  3   -1.64594931      404.786342
20220626014  2    1.69862282     -282.653195
20220627015  1  -0.931877917      247.765984
20220628006  2    1.45838919     -232.354764
20220630011  1    1.17557843      -198.26754
20220630017  3   -1.67268116      457.381264
20220701009  1  0.0337117111      47.2342453
20220701014  1   0.326510865     -23.4013678
20220703017  1  -0.181617468      114.609046
20220802020  3  -0.0103350988      1.57096928
20220815013  1   0.196725799      11.6311164
20220827024  3   0.271158302      -10.726978
20220829013  2   0.521473726     -76.1551457
20220905025  2   0.270068744     -11.7240507
20220905028  1  0.0467202763     -3.14232678
20220916006  3  -0.235418004      128.085676
20220921017  1   0.277216907     -6.97966796
20220923008  1   -0.16998016      110.434725
20220923020  2   0.299819011     -5.15732137
20220923022  1   0.279528343     -8.34390152
20220924015  2    1.74052656     -39.3616282
20220925016  2   0.211420542     -0.62107632
20220926015  2   0.305554363     -7.99154547
20220927021  3   -0.57351879      13.7135815
20220928016  2   0.472356033      -5.7226714
20220928018  1   0.279217377     -6.15523405
20220928020  2   0.303910625     -5.26538091
20220928022  3   0.279901587     -8.45343517
20220928024  1   0.420821765     -11.4914847
20220929014  1  -0.0130839575      1.66448893
20220929015  1  -0.0260337894      2.00510651
20220930014  1  -0.311171766      12.0682384
20221001021  2    2.22182689     -73.5519706
20221003023  1  0.0491690373     -3.24067917
20221003026  1  -0.0405051152      3.66563356
20221004021  3   0.266590095     -7.02300246
20221020014  1  0.00544940406      1.92894033
20221028009  3   0.400186248     -3.55265176
20221030016  3   0.294825161     -4.87241846
20221118013  3   0.271237054     -2.54883475
20221123006  2   -2.44753011      53.8062857
20221123009  1   0.263454155     -11.1228276
20221123010  1   0.264192391     -2.04129153
20221124011  2   0.292581107     -4.28702746
20221124016  1   0.197754219     -5.85324862
20221124017  1  0.0703165972     -4.00971029
20221128026  3   0.232739325      10.7010186
20221202028  3  -0.549453251      152.238121
20221203021  3    9.75591896     -1556.50818
20221213010  1    1.54602469     -32.8376213
20221213013  3   -5.95109705      107.504433
20221215010  2    0.27426266     -10.7469108
20221219012  3     1.7405661     -43.8268312
20221219013  1  0.0444882489     -3.26302854
20221220009  1     7.8395619     -248.274353
20221222007  1  -0.0336373767     0.153544696
20221226010  1  -0.446298585       11.243512
20230101018  3   -1.72168445      423.041599
20230110008  2   -29.2634366      467.815545
20230110008  2    1.31218496     -19.7759224
20230110009  2  -0.0357582842      2.57358946
20230110009  2  -0.00827326343       1.9769932
20230122011  1  -0.364869206      12.2073795
20230122018  3     0.8238759      -97.395062
20230123020  1    2.48120927     -525.448789
20230125021  3    1.89624273     -377.288643
20230126013  2  0.0312720519       -2.890141
20230316008  3   -1.67475283      447.535114
20230321020  2   -1.75868546      468.307673
20230412014  1  -0.689200994      217.078129
20230414011  1   0.289977952     -41.0295055
20230415015  2   -1.00763139      294.575203
20230416013  1    1.72142075     -290.462522
20230419016  1  -0.00998104603      52.2052896
20230420014  1   -5.15680448      1198.60701
20230421006  1   -1.96137895      421.170172
20230422019  2   -4.21656347      891.794793
20230422022  3  -0.069834255      84.2730467
20230425016  1   0.332651442     -4.13699997
20230430022  1   0.484555938     -66.3934869
20230512012  1    1.72679901     -333.385536
20230517015  2   -3.90926423      969.586415
20230517029  3   0.305058409     -17.8539346
20230606007  2   -2.79087818      528.893953
20230609009  2   -1.39009179      304.545796
20230609012  3   0.196907908       9.4995576
20230611012  1    2.18603093     -328.617416
20230612019  3   -1.58404796      488.050239
20230613010  1   -1.05702527      272.869087
20230614006  2   -1.34745198      290.705307
20230615017  1   0.510509683     -72.8484601
20230618017  3   0.221624788      5.18559105
20230619017  1   0.621492395     -100.443283
20230620019  3   -10.3802751      2893.57028
20230626014  2   -16.9211738      4626.76515
20230708008  1    1.55172628     -269.243246
20230708009  1   -26.7021212      5660.97299
20230710013  3   -13.6304445      3776.95279
20230712011  1  -0.00459157668      66.4213473
20230712016  2   -4.05930926       1169.7948
20230713012  2  -0.930253483      246.717544
20230713013  2   0.236495601      2.48918893
20230715012  3  -0.803297116       219.64334
20230715012  3    2.21266808     -406.769664
20230715013  2   0.199133781      12.3483165
20230716011  1    5.82254925      -1490.3899
20230717009  3   -1.00379569      265.794254
20230717010  1    3.47241396     -719.820233
20230717011  1   -2.13047592      537.380113
20230717013  3   -1.77131895      472.210504
20230719011  1   -1.23105017      319.401264
20230719012  3   -1.87093928      471.417759
20230720009  2  -0.636142186      235.086013
20230721011  1    0.42232643     -48.3170405
20230722009  2   -0.15178198      107.815946
20230724013  3  -0.0579133917      2.99268395
20230725022  3    5.49550727      -60.792949
20230806008  1   0.387432878     -37.4230111
20230806009  2   0.117996753      33.4441784
20230816009  3  -0.204624033      119.934176
20230817009  3   0.301060462     -8.12895967
20230819006  2  -0.156967255      107.187839
20230820021  3   -1.10635623       34.835813
20230820021  3   0.618229531     -22.3538425
20230821008  3  -0.779943451      273.347403
20230822022  3  -0.117130492      2.63229332
20230822024  3   0.724689947     -10.0188533
