3470 0.911436
3472 0.912426
3474 0.91342
3476 0.914421
3478 0.915443
3480 0.916501
3482 0.917624
3484 0.918855
3486 0.920255
3488 0.921887
3490 0.92382
3492 0.926129
3494 0.928898
3496 0.932203
3498 0.936121
3500 0.940713
3502 0.945985
3504 0.951926
3506 0.958541
3508 0.96585
3510 0.973867
3512 0.982549
3514 0.991787
3516 1.00139
3518 1.01115
3520 1.0209
3522 1.03057
3524 1.04013
3526 1.04947
3528 1.0584
3530 1.06669
3532 1.07417
3534 1.08075
3536 1.08635
3538 1.09088
3540 1.09434
3542 1.09674
3544 1.09804
3546 1.09825
3548 1.09745
3550 1.09582
3552 1.09364
3554 1.09116
3556 1.08855
3558 1.08592
3560 1.08328
3562 1.08061
3564 1.0779
3566 1.07515
3568 1.07241
3570 1.06966
3572 1.06685
3574 1.06395
3576 1.06094
3578 1.05785
3580 1.05471
3582 1.05164
3584 1.04871
3586 1.04596
3588 1.04338
3590 1.04091
3592 1.03841
3594 1.03579
3596 1.03299
3598 1.03
3600 1.02687
3602 1.0237
3604 1.02063
3606 1.0178
3608 1.01534
3610 1.01334
3612 1.01184
3614 1.01079
3616 1.01015
3618 1.00987
3620 1.00991
3622 1.01018
3624 1.01052
3626 1.01079
3628 1.01094
3630 1.01098
3632 1.01098
3634 1.01094
3636 1.01082
3638 1.01052
3640 1.01001
3642 1.00932
3644 1.00857
3646 1.00783
3648 1.00716
3650 1.0066
3652 1.00615
3654 1.00578
3656 1.00547
3658 1.00517
3660 1.00483
3662 1.00439
3664 1.00382
3666 1.00307
3668 1.00214
3670 1.0
3672 1.0
3674 1.0
3676 1.0
3678 1.0
3680 1.0
3682 1.0
3684 1.0
3686 1.0
3688 1.0
3690 1.0
3692 1.0
3694 1.0
3696 1.0
3698 1.0
3700 1.0
3702 1.0
3704 1.0
3706 1.0
3708 1.0
3710 1.0
3712 1.0
3714 1.0
3716 1.0
3718 1.0
3720 1.0
3722 1.0
3724 1.0
3726 1.0
3728 1.0
3730 1.0
3732 1.0
3734 1.0
3736 1.0
3738 1.0
3740 1.0
3742 1.0
3744 1.0
3746 1.0
3748 1.0
3750 1.0
3752 1.0
3754 1.0
3756 1.0
3758 1.0
3760 1.0
3762 1.0
3764 1.0
3766 1.0
3768 1.0
3770 1.0
3772 1.0
3774 1.0
3776 1.0
3778 1.0
3780 1.0
3782 1.0
3784 1.0
3786 1.0
3788 1.0
3790 1.0
3792 1.0
3794 1.0
3796 1.0
3798 1.0
3800 1.0
3802 1.0
3804 1.0
3806 1.0
3808 1.0
3810 1.0
3812 1.0
3814 1.0
3816 1.0
3818 1.0
3820 1.0
3822 1.0
3824 1.0
3826 1.0
3828 1.0
3830 1.0
3832 1.0
3834 1.0
3836 1.0
3838 1.0
3840 1.0
3842 1.0
3844 1.0
3846 1.0
3848 1.0
3850 1.0
3852 1.0
3854 1.0
3856 1.0
3858 1.0
3860 1.0
3862 1.0
3864 1.0
3866 1.0
3868 1.0
3870 1.0
3872 1.0
3874 1.0
3876 1.0
3878 1.0
3880 1.0
3882 1.0
3884 1.0
3886 1.0
3888 1.0
3890 1.0
3892 1.0
3894 1.0
3896 1.0
3898 1.0
3900 1.0
3902 1.0
3904 1.0
3906 1.0
3908 1.0
3910 1.0
3912 1.0
3914 1.0
3916 1.0
3918 1.0
3920 1.0
3922 1.0
3924 1.0
3926 1.0
3928 1.0
3930 1.0
3932 1.0
3934 1.0
3936 1.0
3938 1.0
3940 1.0
3942 1.0
3944 1.0
3946 1.0
3948 1.0
3950 1.0
3952 1.0
3954 1.0
3956 1.0
3958 1.0
3960 1.0
3962 1.0
3964 1.0
3966 1.0
3968 1.0
3970 1.0
3972 1.0
3974 1.0
3976 1.0
3978 1.0
3980 1.0
3982 1.0
3984 1.0
3986 1.0
3988 1.0
3990 1.0
3992 1.0
3994 1.0
3996 1.0
3998 1.0
4000 1.0
4002 1.0
4004 1.0
4006 1.0
4008 1.0
4010 1.0
4012 1.0
4014 1.0
4016 1.0
4018 1.0
4020 1.0
4022 1.0
4024 1.0
4026 1.0
4028 1.0
4030 1.0
4032 1.0
4034 1.0
4036 1.0
4038 1.0
4040 1.0
4042 1.0
4044 1.0
4046 1.0
4048 1.0
4050 1.0
4052 1.0
4054 1.0
4056 1.0
4058 1.0
4060 1.0
4062 1.0
4064 1.0
4066 1.0
4068 1.0
4070 1.0
4072 1.0
4074 1.0
4076 1.0
4078 1.0
4080 1.0
4082 1.0
4084 1.0
4086 1.0
4088 1.0
4090 1.0
4092 1.0
4094 1.0
4096 1.0
4098 1.0
4100 1.0
4102 1.0
4104 1.0
4106 1.0
4108 1.0
4110 1.0
4112 1.0
4114 1.0
4116 1.0
4118 1.0
4120 1.0
4122 1.0
4124 1.0
4126 1.0
4128 1.0
4130 1.0
4132 1.0
4134 1.0
4136 1.0
4138 1.0
4140 1.0
4142 1.0
4144 1.0
4146 1.0
4148 1.0
4150 1.0
4152 1.0
4154 1.0
4156 1.0
4158 1.0
4160 1.0
4162 1.0
4164 1.0
4166 1.0
4168 1.0
4170 1.0
4172 1.0
4174 1.0
4176 1.0
4178 1.0
4180 1.0
4182 1.0
4184 1.0
4186 1.0
4188 1.0
4190 1.0
4192 1.0
4194 1.0
4196 1.0
4198 1.0
4200 1.0
4202 1.0
4204 1.0
4206 1.0
4208 1.0
4210 1.0
4212 1.0
4214 1.0
4216 1.0
4218 1.0
4220 1.0
4222 1.0
4224 1.0
4226 1.0
4228 1.0
4230 1.0
4232 1.0
4234 1.0
4236 1.0
4238 1.0
4240 1.0
4242 1.0
4244 1.0
4246 1.0
4248 1.0
4250 1.0
4252 1.0
4254 1.0
4256 1.0
4258 1.0
4260 1.0
4262 1.0
4264 1.0
4266 1.0
4268 1.0
4270 1.0
4272 1.0
4274 1.0
4276 1.0
4278 1.0
4280 1.0
4282 1.0
4284 1.0
4286 1.0
4288 1.0
4290 1.0
4292 1.0
4294 1.0
4296 1.0
4298 1.0
4300 1.0
4302 1.0
4304 1.0
4306 1.0
4308 1.0
4310 1.0
4312 1.0
4314 1.0
4316 1.0
4318 1.0
4320 1.0
4322 1.0
4324 1.0
4326 1.0
4328 1.0
4330 1.0
4332 1.0
4334 1.0
4336 1.0
4338 1.0
4340 1.0
4342 1.0
4344 1.0
4346 1.0
4348 1.0
4350 1.0
4352 1.0
4354 1.0
4356 1.0
4358 1.0
4360 1.0
4362 1.0
4364 1.0
4366 1.0
4368 1.0
4370 1.0
4372 1.0
4374 1.0
4376 1.0
4378 1.0
4380 1.0
4382 1.0
4384 1.0
4386 1.0
4388 1.0
4390 1.0
4392 1.0
4394 1.0
4396 1.0
4398 1.0
4400 1.0
4402 1.0
4404 1.0
4406 1.0
4408 1.0
4410 1.0
4412 1.0
4414 1.0
4416 1.0
4418 1.0
4420 1.0
4422 1.0
4424 1.0
4426 1.0
4428 1.0
4430 1.0
4432 1.0
4434 1.0
4436 1.0
4438 1.0
4440 1.0
4442 1.0
4444 1.0
4446 1.0
4448 1.0
4450 1.0
4452 1.0
4454 1.0
4456 1.0
4458 1.0
4460 1.0
4462 1.0
4464 1.0
4466 1.0
4468 1.0
4470 1.0
4472 1.0
4474 1.0
4476 1.0
4478 1.0
4480 1.0
4482 1.0
4484 1.0
4486 1.0
4488 1.0
4490 1.0
4492 1.0
4494 1.0
4496 1.0
4498 1.0
4500 1.0
4502 1.0
4504 1.0
4506 1.0
4508 1.0
4510 1.0
4512 1.0
4514 1.0
4516 1.0
4518 1.0
4520 1.0
4522 1.0
4524 1.0
4526 1.0
4528 1.0
4530 1.0
4532 1.0
4534 1.0
4536 1.0
4538 1.0
4540 1.0
4542 1.0
4544 1.0
4546 1.0
4548 1.0
4550 1.0
4552 1.0
4554 1.0
4556 1.0
4558 1.0
4560 1.0
4562 1.0
4564 1.0
4566 1.0
4568 1.0
4570 1.0
4572 1.0
4574 1.0
4576 1.0
4578 1.0
4580 1.0
4582 1.0
4584 1.0
4586 1.0
4588 1.0
4590 1.0
4592 1.0
4594 1.0
4596 1.0
4598 1.0
4600 1.0
4602 1.0
4604 1.0
4606 1.0
4608 1.0
4610 1.0
4612 1.0
4614 1.0
4616 1.0
4618 1.0
4620 1.0
4622 1.0
4624 1.0
4626 1.0
4628 1.0
4630 1.0
4632 1.0
4634 1.0
4636 1.0
4638 1.0
4640 1.0
4642 1.0
4644 1.0
4646 1.0
4648 1.0
4650 1.0
4652 1.0
4654 1.0
4656 1.0
4658 1.0
4660 1.0
4662 1.0
4664 1.0
4666 1.0
4668 1.0
4670 1.0
4672 1.0
4674 1.0
4676 1.0
4678 1.0
4680 1.0
4682 1.0
4684 1.0
4686 1.0
4688 1.0
4690 1.0
4692 1.0
4694 1.0
4696 1.0
4698 1.0
4700 1.0
4702 1.0
4704 1.0
4706 1.0
4708 1.0
4710 1.0
4712 1.0
4714 1.0
4716 1.0
4718 1.0
4720 1.0
4722 1.0
4724 1.0
4726 1.0
4728 1.0
4730 1.0
4732 1.0
4734 1.0
4736 1.0
4738 1.0
4740 1.0
4742 1.0
4744 1.0
4746 1.0
4748 1.0
4750 1.0
4752 1.0
4754 1.0
4756 1.0
4758 1.0
4760 1.0
4762 1.0
4764 1.0
4766 1.0
4768 1.0
4770 1.0
4772 1.0
4774 1.0
4776 1.0
4778 1.0
4780 1.0
4782 1.0
4784 1.0
4786 1.0
4788 1.0
4790 1.0
4792 1.0
4794 1.0
4796 1.0
4798 1.0
4800 1.0
4802 1.0
4804 1.0
4806 1.0
4808 1.0
4810 1.0
4812 1.0
4814 1.0
4816 1.0
4818 1.0
4820 1.0
4822 1.0
4824 1.0
4826 1.0
4828 1.0
4830 1.0
4832 1.0
4834 1.0
4836 1.0
4838 1.0
4840 1.0
4842 1.0
4844 1.0
4846 1.0
4848 1.0
4850 1.0
4852 1.0
4854 1.0
4856 1.0
4858 1.0
4860 1.0
4862 1.0
4864 1.0
4866 1.0
4868 1.0
4870 1.0
4872 1.0
4874 1.0
4876 1.0
4878 1.0
4880 1.0
4882 1.0
4884 1.0
4886 1.0
4888 1.0
4890 1.0
4892 1.0
4894 1.0
4896 1.0
4898 1.0
4900 1.0
4902 1.0
4904 1.0
4906 1.0
4908 1.0
4910 1.0
4912 1.0
4914 1.0
4916 1.0
4918 1.0
4920 1.0
4922 1.0
4924 1.0
4926 1.0
4928 1.0
4930 1.0
4932 1.0
4934 1.0
4936 1.0
4938 1.0
4940 1.0
4942 1.0
4944 1.0
4946 1.0
4948 1.0
4950 1.0
4952 1.0
4954 1.0
4956 1.0
4958 1.0
4960 1.0
4962 1.0
4964 1.0
4966 1.0
4968 1.0
4970 1.0
4972 1.0
4974 1.0
4976 1.0
4978 1.0
4980 1.0
4982 1.0
4984 1.0
4986 1.0
4988 1.0
4990 1.0
4992 1.0
4994 1.0
4996 1.0
4998 1.0
5000 1.0
5002 1.0
5004 1.0
5006 1.0
5008 1.0
5010 1.0
5012 1.0
5014 1.0
5016 1.0
5018 1.0
5020 1.0
5022 1.0
5024 1.0
5026 1.0
5028 1.0
5030 1.0
5032 1.0
5034 1.0
5036 1.0
5038 1.0
5040 1.0
5042 1.0
5044 1.0
5046 1.0
5048 1.0
5050 1.0
5052 1.0
5054 1.0
5056 1.0
5058 1.0
5060 1.0
5062 1.0
5064 1.0
5066 1.0
5068 1.0
5070 1.0
5072 1.0
5074 1.0
5076 1.0
5078 1.0
5080 1.0
5082 1.0
5084 1.0
5086 1.0
5088 1.0
5090 1.0
5092 1.0
5094 1.0
5096 1.0
5098 1.0
5100 1.0
5102 1.0
5104 1.0
5106 1.0
5108 1.0
5110 1.0
5112 1.0
5114 1.0
5116 1.0
5118 1.0
5120 1.0
5122 1.0
5124 1.0
5126 1.0
5128 1.0
5130 1.0
5132 1.0
5134 1.0
5136 1.0
5138 1.0
5140 1.0
5142 1.0
5144 1.0
5146 1.0
5148 1.0
5150 1.0
5152 1.0
5154 1.0
5156 1.0
5158 1.0
5160 1.0
5162 1.0
5164 1.0
5166 1.0
5168 1.0
5170 1.0
5172 1.0
5174 1.0
5176 1.0
5178 1.0
5180 1.0
5182 1.0
5184 1.0
5186 1.0
5188 1.0
5190 1.0
5192 1.0
5194 1.0
5196 1.0
5198 1.0
5200 1.0
5202 1.0
5204 1.0
5206 1.0
5208 1.0
5210 1.0
5212 1.0
5214 1.0
5216 1.0
5218 1.0
5220 1.0
5222 1.0
5224 1.0
5226 1.0
5228 1.0
5230 1.0
5232 1.0
5234 1.0
5236 1.0
5238 1.0
5240 1.0
5242 1.0
5244 1.0
5246 1.0
5248 1.0
5250 1.0
5252 1.0
5254 1.0
5256 1.0
5258 1.0
5260 1.0
5262 1.0
5264 1.0
5266 1.0
5268 1.0
5270 1.0
5272 1.0
5274 1.0
5276 1.0
5278 1.0
5280 1.0
5282 1.0
5284 1.0
5286 1.0
5288 1.0
5290 1.0
5292 1.0
5294 1.0
5296 1.0
5298 1.0
5300 1.0
5302 1.0
5304 1.0
5306 1.0
5308 1.0
5310 1.0
5312 1.0
5314 1.0
5316 1.0
5318 1.0
5320 1.0
5322 1.0
5324 1.0
5326 1.0
5328 1.0
5330 1.0
5332 1.0
5334 1.0
5336 1.0
5338 1.0
5340 1.0
5342 1.0
5344 1.0
5346 1.0
5348 1.0
5350 1.0
5352 1.0
5354 1.0
5356 1.0
5358 1.0
5360 1.0
5362 1.0
5364 1.0
5366 1.0
5368 1.0
5370 1.0
5372 1.0
5374 1.0
5376 1.0
5378 1.0
5380 1.0
5382 1.0
5384 1.0
5386 1.0
5388 1.0
5390 1.0
5392 1.0
5394 1.0
5396 1.0
5398 1.0
5400 1.0
5402 1.0
5404 1.0
5406 1.0
5408 1.0
5410 1.0
5412 1.0
5414 1.0
5416 1.0
5418 1.0
5420 1.0
5422 1.0
5424 1.0
5426 1.0
5428 1.0
5430 1.0
5432 1.0
5434 1.0
5436 1.0
5438 1.0
5440 1.0
5442 1.0
5444 1.0
5446 1.0
5448 1.0
5450 1.0
5452 1.0
5454 1.0
5456 1.0
5458 1.0
5460 1.0
5462 1.0
5464 1.0
5466 1.0
5468 1.0
5470 1.0
5472 1.0
5474 1.0
5476 1.0
5478 1.0
5480 1.0
5482 1.0
5484 1.0
5486 1.0
5488 1.0
5490 1.0
5492 1.0
5494 1.0
5496 1.0
5498 1.0
5500 1.0
5502 1.0
5504 1.0
5506 1.0
5508 1.0
5510 1.0
5512 1.0
5514 1.0
5516 1.0
5518 1.0
5520 1.0
5522 1.0
5524 1.0
5526 1.0
5528 1.0
5530 1.0
5532 1.0
5534 1.0
5536 1.0
5538 1.0
5540 1.0
