096 RU 20170625005 20170625006
076 LL 20171012014 20171012015
076 LU 20171012014 20171012015
076 RL 20171012014 20171012015
076 RU 20171012014 20171012015
076 LL 20171012015 20171012016
076 LU 20171012015 20171012016
076 RL 20171012015 20171012016
076 RU 20171012015 20171012016
076 LL 20171012016 20171012017
076 LU 20171012016 20171012017
076 RL 20171012016 20171012017
076 RU 20171012016 20171012017
073 LL 20171018011 20171018012
073 LU 20171018011 20171018012
073 LL 20171018012 20171018013
073 LU 20171018012 20171018013
073 LL 20171018013 20171018014
073 LU 20171018013 20171018014
073 LL 20171018014 20171018015
073 LU 20171018014 20171018015
073 LL 20171018015 20171018016
073 LU 20171018015 20171018016
073 LL 20171018016 20171018017
073 LU 20171018016 20171018017
073 LL 20171018017 20171018018
073 LU 20171018017 20171018018
076 LL 20171112010 20171112011
076 LU 20171112010 20171112011
076 RU 20171112010 20171112011
076 LL 20171112011 20171112012
076 LU 20171112011 20171112012
076 RU 20171112011 20171112012
042 LL 20171112011 20171112012
042 LU 20171112011 20171112012
042 RL 20171112011 20171112012
042 RU 20171112011 20171112012
076 LL 20171112012 20171112013
076 LU 20171112012 20171112013
076 RU 20171112012 20171112013
042 LL 20171112012 20171112013
042 LU 20171112012 20171112013
042 RL 20171112012 20171112013
042 RU 20171112012 20171112013
076 LL 20171112013 20171112014
076 LU 20171112013 20171112014
076 RU 20171112013 20171112014
042 LL 20171112013 20171112014
042 LU 20171112013 20171112014
042 RL 20171112013 20171112014
042 RU 20171112013 20171112014
042 LL 20171115012 20171115013
042 LU 20171115012 20171115013
042 RL 20171115012 20171115013
042 RU 20171115012 20171115013
042 LL 20171115013 20171115014
042 LU 20171115013 20171115014
042 RL 20171115013 20171115014
042 RU 20171115013 20171115014
042 LL 20171115014 20171115015
042 LU 20171115014 20171115015
042 RL 20171115014 20171115015
042 RU 20171115014 20171115015
042 LL 20171115015 20171115016
042 LU 20171115015 20171115016
042 RL 20171115015 20171115016
042 RU 20171115015 20171115016
042 LL 20171115016 20171115017
042 LU 20171115016 20171115017
042 RL 20171115016 20171115017
042 RU 20171115016 20171115017
042 LL 20171115017 20171115018
042 LU 20171115017 20171115018
042 RL 20171115017 20171115018
042 RU 20171115017 20171115018
106 LL 20180208010 20180208011
106 LU 20180208010 20180208011
106 RL 20180208010 20180208011
106 RU 20180208010 20180208011
086 LL 20180208010 20180208011
086 LU 20180208010 20180208011
086 RL 20180208010 20180208011
086 RU 20180208010 20180208011
096 RL 20180208010 20180208011
096 RU 20180208010 20180208011
105 LL 20180208010 20180208011
105 LU 20180208010 20180208011
105 RL 20180208010 20180208011
105 RU 20180208010 20180208011
074 LL 20180208010 20180208011
074 LU 20180208010 20180208011
074 RL 20180208010 20180208011
074 RU 20180208010 20180208011
083 LL 20180208010 20180208011
083 LU 20180208010 20180208011
083 RL 20180208010 20180208011
083 RU 20180208010 20180208011
106 LL 20180208011 20180208012
106 LU 20180208011 20180208012
106 RL 20180208011 20180208012
106 RU 20180208011 20180208012
086 LL 20180208011 20180208012
086 LU 20180208011 20180208012
086 RL 20180208011 20180208012
086 RU 20180208011 20180208012
096 RL 20180208011 20180208012
096 RU 20180208011 20180208012
105 LL 20180208011 20180208012
105 LU 20180208011 20180208012
105 RL 20180208011 20180208012
105 RU 20180208011 20180208012
074 LL 20180208011 20180208012
074 LU 20180208011 20180208012
074 RL 20180208011 20180208012
074 RU 20180208011 20180208012
083 LL 20180208011 20180208012
083 LU 20180208011 20180208012
083 RL 20180208011 20180208012
083 RU 20180208011 20180208012
106 LL 20180208012 20180208013
106 LU 20180208012 20180208013
106 RL 20180208012 20180208013
106 RU 20180208012 20180208013
086 LL 20180208012 20180208013
086 LU 20180208012 20180208013
086 RL 20180208012 20180208013
086 RU 20180208012 20180208013
096 RL 20180208012 20180208013
096 RU 20180208012 20180208013
105 LL 20180208012 20180208013
105 LU 20180208012 20180208013
105 RL 20180208012 20180208013
105 RU 20180208012 20180208013
074 LL 20180208012 20180208013
074 LU 20180208012 20180208013
074 RL 20180208012 20180208013
074 RU 20180208012 20180208013
083 LL 20180208012 20180208013
083 LU 20180208012 20180208013
083 RL 20180208012 20180208013
083 RU 20180208012 20180208013
106 LL 20180208013 20180208014
106 LU 20180208013 20180208014
106 RL 20180208013 20180208014
106 RU 20180208013 20180208014
086 LL 20180208013 20180208014
086 LU 20180208013 20180208014
086 RL 20180208013 20180208014
086 RU 20180208013 20180208014
096 RL 20180208013 20180208014
096 RU 20180208013 20180208014
105 LL 20180208013 20180208014
105 LU 20180208013 20180208014
105 RL 20180208013 20180208014
105 RU 20180208013 20180208014
074 LL 20180208013 20180208014
074 LU 20180208013 20180208014
074 RL 20180208013 20180208014
074 RU 20180208013 20180208014
083 LL 20180208013 20180208014
083 LU 20180208013 20180208014
083 RL 20180208013 20180208014
083 RU 20180208013 20180208014
035 LL 20180310006 20180310007
035 LU 20180310006 20180310007
035 RL 20180310006 20180310007
035 RU 20180310006 20180310007
024 LL 20180310006 20180310007
024 LU 20180310006 20180310007
024 RL 20180310006 20180310007
024 RU 20180310006 20180310007
034 LL 20180310006 20180310007
034 LU 20180310006 20180310007
034 RL 20180310006 20180310007
034 RU 20180310006 20180310007
045 LL 20180310006 20180310007
045 LU 20180310006 20180310007
045 RL 20180310006 20180310007
045 RU 20180310006 20180310007
046 LL 20180310006 20180310007
046 LU 20180310006 20180310007
046 RL 20180310006 20180310007
046 RU 20180310006 20180310007
033 LL 20180310006 20180310007
033 LU 20180310006 20180310007
033 RL 20180310006 20180310007
033 RU 20180310006 20180310007
036 LL 20180310006 20180310007
036 LU 20180310006 20180310007
036 RL 20180310006 20180310007
036 RU 20180310006 20180310007
047 LL 20180310006 20180310007
047 LU 20180310006 20180310007
047 RL 20180310006 20180310007
047 RU 20180310006 20180310007
037 LL 20180310006 20180310007
037 LU 20180310006 20180310007
037 RL 20180310006 20180310007
037 RU 20180310006 20180310007
032 LL 20180310006 20180310007
032 LU 20180310006 20180310007
032 RL 20180310006 20180310007
032 RU 20180310006 20180310007
022 LL 20180310006 20180310007
022 LU 20180310006 20180310007
022 RL 20180310006 20180310007
022 RU 20180310006 20180310007
023 LL 20180310006 20180310007
023 LU 20180310006 20180310007
023 RL 20180310006 20180310007
023 RU 20180310006 20180310007
053 LL 20180310006 20180310007
053 LU 20180310006 20180310007
053 RL 20180310006 20180310007
053 RU 20180310006 20180310007
026 LL 20180310006 20180310007
026 LU 20180310006 20180310007
026 RL 20180310006 20180310007
026 RU 20180310006 20180310007
104 LL 20180316007 20180316008
104 RL 20180316007 20180316008
104 RU 20180316007 20180316008
104 LL 20180316008 20180316009
104 RL 20180316008 20180316009
104 RU 20180316008 20180316009
104 LL 20180316009 20180316010
104 RL 20180316009 20180316010
104 RU 20180316009 20180316010
104 LL 20180316010 20180316011
104 RL 20180316010 20180316011
104 RU 20180316010 20180316011
104 LL 20180316011 20180316012
104 RL 20180316011 20180316012
104 RU 20180316011 20180316012
104 LL 20180316012 20180316013
104 RL 20180316012 20180316013
104 RU 20180316012 20180316013
104 LL 20180316013 20180316015
104 RL 20180316013 20180316015
104 RU 20180316013 20180316015
104 LL 20180316015 20180316016
104 RL 20180316015 20180316016
104 RU 20180316015 20180316016
073 LL 20180319012 20180319013
073 LU 20180319012 20180319013
073 LL 20180319013 20180319014
073 LU 20180319013 20180319014
073 LL 20180319014 20180319015
073 LU 20180319014 20180319015
076 LL 20180320008 20180320009
076 LU 20180320008 20180320009
076 RU 20180320008 20180320009
076 LL 20180411010 20180411011
076 LU 20180411010 20180411011
076 LL 20180411011 20180411012
076 LU 20180411011 20180411012
076 LL 20180411012 20180411013
076 LU 20180411012 20180411013
076 LL 20180411013 20180411014
076 LU 20180411013 20180411014
076 LL 20180411014 20180411015
076 LU 20180411014 20180411015
076 LL 20180411015 20180411016
076 LU 20180411015 20180411016
076 LL 20180411016 20180411017
076 LU 20180411016 20180411017
076 LL 20180411017 20180411018
076 LU 20180411017 20180411018
076 LL 20180411018 20180411021
076 LU 20180411018 20180411021
076 RL 20180413006 20180413007
076 RU 20180413006 20180413007
076 RL 20180413007 20180413008
076 RU 20180413007 20180413008
093 LL 20180421013 20180421014
075 RU 20180423012 20180423014
075 RU 20180423014 20180423015
075 RU 20180423015 20180423016
075 RU 20180423016 20180423017
075 RU 20180423017 20180423018
075 RU 20180512009 20180512010
075 RU 20180512010 20180512011
053 RL 20180612020 20180612021
053 RU 20180612020 20180612021
053 RL 20180612021 20180612022
053 RU 20180612021 20180612022
053 RL 20180612022 20180612023
053 RU 20180612022 20180612023
053 LL 20180612023 20180612024
053 RL 20180612023 20180612024
053 RU 20180612023 20180612024
053 LL 20180612024 20180612025
053 RL 20180612024 20180612025
053 RU 20180612024 20180612025
027 LL 20180618019 20180618020
027 LU 20180618019 20180618020
022 LL 20180712017 20180712018
022 LU 20180712017 20180712018
022 RL 20180712017 20180712018
022 RU 20180712017 20180712018
032 LL 20180905011 20180905016
032 LU 20180905011 20180905016
032 RL 20180905011 20180905016
032 RU 20180905011 20180905016
032 LL 20180905016 20180905024
032 LU 20180905016 20180905024
032 RL 20180905016 20180905024
032 RU 20180905016 20180905024
032 LL 20180905024 20180905025
032 LU 20180905024 20180905025
032 RL 20180905024 20180905025
032 RU 20180905024 20180905025
032 LL 20180905025 20180905026
032 LU 20180905025 20180905026
032 RL 20180905025 20180905026
032 RU 20180905025 20180905026
032 LL 20180905026 20180905027
032 LU 20180905026 20180905027
032 RL 20180905026 20180905027
032 RU 20180905026 20180905027
032 LL 20180905027 20180905028
032 LU 20180905027 20180905028
032 RL 20180905027 20180905028
032 RU 20180905027 20180905028
032 LL 20180905028 20180905031
032 LU 20180905028 20180905031
032 RL 20180905028 20180905031
032 RU 20180905028 20180905031
032 LL 20180905031 20180905032
032 LU 20180905031 20180905032
032 RL 20180905031 20180905032
032 RU 20180905031 20180905032
032 LL 20180905032 20180905033
032 LU 20180905032 20180905033
032 RL 20180905032 20180905033
032 RU 20180905032 20180905033
032 LL 20180905033 20180905034
032 LU 20180905033 20180905034
032 RL 20180905033 20180905034
032 RU 20180905033 20180905034
032 RL 20181011024 20181011025
032 RU 20181011024 20181011025
036 LL 20181214002 20181214003
036 LU 20181214002 20181214003
062 LL 20181226011 20181226014
062 LL 20181226014 20181227002
062 LL 20181227002 20181227003
062 LL 20181227003 20181227004
062 LL 20181227004 20181227005
062 LL 20181227005 20181227006
062 LL 20181227006 20181227007
036 LL 20190128014 20190128015
036 LU 20190128014 20190128015
036 LL 20190128015 20190128019
036 LU 20190128015 20190128019
