1000009999
1000019998
1000029997
1000039996
1000049995
1000056768
1000066767
1000076766
1000086765
1000096764
1000106763
1000116762
1000126761
1000136760
1000146759
1000156758
1000166757
1000176756
1000186755
1000196754
1000206753
1000216752
1000226751
1000236750
1000246749
1000256748
1000266747
1000276746
1000286745
1000296744
1000306743
1000316742
1000326741
1000336740
1000346739
1000356738
1000366465
1000376464
1000386463
1000396462
1000406461
1000416460
1000426459
1000436458
1000446457
1000456456
1000466455
1000476454
1000486453
1000496452
1000506451
1000516450
1000526449
1000536448
1000546447
1000556446
1000566445
1000576444
1000586443
1000596442
1000606441
1000616440
1000626439
1000636438
1000646437
1000656436
1000666435
1000676434
1000686433
1000304540
1000304569
1000304600
1000304675
1000304682
1000304821
1000304832
1000304843
1000304875
1000304887
1000304942
1000304966
1000304988
1000305020
1000305029
1000305034
1000305054
1000305086
1000305094
1000305145
1000305192
