20180308002
20180309001
20180309002
20180309003
20180309004
20181205012
20180511015
20170124013
20170306018
20170306020
20170306021
20170306022
20170421016
20170427006
20170615009
20171025009
20180210009
20180421009
20180519007
20190208035
20170126003
20170127007
20170922025
20170922028
20171014007
20171016114
20171029022
20171222013
20180213015
20180310002
20180310007
20180313015
20180313016
20180313017
20180316015
20180316016
20180317012
20180320009
20180517015
20180714007
20190104017
20180211019
20180321012
