multi_020_095_004_LU 746 756 235 255
multi_016_104_026_RU 233 243 160 200
multi_017_086_022_LU 775 785 737 758
multi_047_075_075_RU 361 401  23  63
multi_017_086_022_RU 1001 1032 97 137
multi_327_092_017_LL 800 1032 0 350
multi_323_043_040_LL 91 104 336 370
multi_323_043_040_LL 91 104 525 545
multi_038_096_014_RU 812 825 583 603
multi_314_027_011_RL 0 35 1010 1032
multi_032_094_028_RL 718 728 949 959
multi_038_096_014_RU 908 921 304 314
multi_323_052_016_LL 90 100 330 361 
multi_306_043_057_LU 582 592 1008 1032
multi_025_076_032_RU 472 482 464 474
multi_025_076_032_RL 689 695 730 744
multi_017_086_022_RU 855 865 128 134
multi_025_076_032_RL 720 740 1002 1022
multi_305_045_056_RU 310 320 125 135 